40.7138,-74.0139,1,0
40.711,-74.0144,1,0
40.7129,-74.014,1,0
40.7152,-74.0132,1,0
40.7171,-74.0128,1,0
40.719,-74.0123,1,0
40.7216,-74.0118,1,0
40.7236,-74.0114,1,0
40.7262,-74.0109,1,0
40.7262,-74.0109,1,0
40.7298,-74.0105,1,0
40.7324,-74.0102,1,0
40.7345,-74.01,1,0
40.736,-74.0099,1,0
40.7388,-74.0099,1,0
40.7388,-74.0099,1,0
40.7424,-74.0087,1,0
40.7447,-74.0082,1,0
40.7468,-74.0079,1,0
40.7482,-74.0077,1,0
40.7503,-74.0083,1,0
40.7517,-74.0078,0,2
40.7508,-74.0056,0,0
40.75,-74.0062,0,0
40.7484,-74.0037,1,1
40.7472,-74.0009,1,0
40.7465,-74.0014,2,1
40.7477,-74.0042,2,0
40.7459,-74.0019,2,0
40.7441,-74.0032,2,0
40.7421,-74.0046,1,2
40.7409,-74.0051,1,0
40.7404,-74.002,1,0
40.7423,-74.0007,1,0
40.744,-73.9994,3,1
40.746,-73.998,3,0
40.746,-73.998,3,0
40.7448,-73.9952,3,0
40.7436,-73.9923,2,2
40.7416,-73.9896,2,0
40.7397,-73.9909,1,2
40.7378,-73.9901,2,1
40.7377,-73.9881,2,0
40.7395,-73.9868,2,0
40.7408,-73.9858,2,0
40.7395,-73.9827,1,2
40.7375,-73.9841,1,0
40.7358,-73.9854,1,0
40.734,-73.9867,1,0
40.732,-73.9882,1,0
40.7301,-73.9895,1,0
40.7312,-73.9919,1,0
40.7296,-73.9933,1,0
40.7278,-73.9948,1,0
40.7265,-73.9958,0,2
40.7257,-73.9938,0,0
40.7256,-73.992,0,0
40.7278,-73.9913,0,0
40.7274,-73.9885,1,1
40.7256,-73.9899,1,0
40.7243,-73.9908,1,0
40.7256,-73.992,1,0
40.7278,-73.9913,1,0
40.7301,-73.9895,1,0
40.732,-73.9882,2,1
40.7333,-73.9872,3,1
40.7323,-73.9849,3,0
40.734,-73.9867,3,0
40.7352,-73.9858,3,0
40.7366,-73.9891,3,0
40.7371,-73.9885,2,2
40.7389,-73.9872,2,0
40.7402,-73.9864,2,0
40.7416,-73.9896,1,2
40.7416,-73.9896,1,0
40.7442,-73.9919,1,0
40.746,-73.9905,1,0
40.7468,-73.9885,1,0
40.7453,-73.9887,1,0
40.7445,-73.9889,0,2
40.7454,-73.991,0,0
40.7473,-73.9896,0,0
40.7491,-73.9882,2,1
40.7511,-73.9868,2,0
40.7511,-73.9868,2,0
40.7491,-73.982,2,0
40.7503,-73.9811,2,0
40.7489,-73.9779,2,0
40.749,-73.9799,3,1
40.7508,-73.9786,4,1
40.7508,-73.9786,4,0
40.7508,-73.9786,4,0
40.7556,-73.9761,3,2
40.7553,-73.9752,3,0
40.7571,-73.9739,3,0
40.759,-73.9725,2,2
40.7609,-73.9711,2,0
40.7604,-73.9718,2,0
40.7616,-73.9729,2,0
40.7616,-73.9707,2,0
40.763,-73.9719,2,0
40.7648,-73.9705,1,2
40.7648,-73.9685,1,0
40.766,-73.9674,1,0
40.7679,-73.966,1,0
40.7698,-73.9647,1,0
40.7717,-73.9632,1,0
40.7736,-73.9618,1,0
40.7724,-73.9608,0,2
40.7724,-73.9627,0,0
40.7717,-73.9613,0,0
40.7717,-73.9592,0,0
40.7717,-73.9613,0,0
40.7723,-73.9587,2,1
40.7736,-73.9599,2,0
40.7736,-73.9618,3,1
40.7731,-73.9625,3,0
40.7718,-73.9634,3,0
40.7699,-73.9649,3,0
40.768,-73.9663,3,0
40.7661,-73.9676,3,0
40.7642,-73.969,3,0
40.7623,-73.9701,3,0
40.7609,-73.9691,4,1
40.759,-73.9705,3,2
40.7577,-73.9715,4,1
40.7583,-73.9689,3,2
40.7603,-73.9675,3,0
40.7622,-73.9661,3,0
40.7641,-73.9648,3,0
40.7659,-73.9634,3,0
40.7678,-73.962,3,0
40.7697,-73.9606,3,0
40.7711,-73.9617,3,0
40.7724,-73.9627,2,2
40.7743,-73.9613,2,0
40.7763,-73.9599,2,0
40.7782,-73.9585,2,0
40.7795,-73.9578,2,0
40.7809,-73.9609,1,2
40.7815,-73.9628,1,0
40.7815,-73.9628,1,0
40.7815,-73.9628,1,0
40.7853,-73.9694,1,0
40.7872,-73.9679,1,0
40.7891,-73.9666,1,0
40.791,-73.9652,1,0
40.7924,-73.9642,1,0
40.7949,-73.9624,1,0
40.7967,-73.961,1,0
40.798,-73.96,1,0
40.8,-73.9586,1,0
40.8012,-73.9596,1,0
40.8018,-73.9611,1,0
40.8054,-73.9598,1,0
40.8061,-73.9594,1,0
40.8068,-73.961,0,2
40.8061,-73.9615,0,0
40.804,-73.9603,0,0
40.8018,-73.9611,0,0
40.8012,-73.9615,1,1
40.803,-73.9639,1,0
40.8049,-73.9625,1,0
40.8061,-73.9615,0,2
40.8054,-73.9598,0,0
40.804,-73.9603,0,0
40.8018,-73.9611,0,0
40.8018,-73.9611,1,1
40.803,-73.9639,1,0
40.8041,-73.9666,0,2
40.8042,-73.9668,2,1
40.8023,-73.9681,2,0
40.8003,-73.9695,2,0
40.7985,-73.9709,2,0
40.7966,-73.9723,2,0
40.7946,-73.9737,2,0
40.7927,-73.9751,2,0
40.7908,-73.9764,2,0
40.7889,-73.9779,3,1
40.7869,-73.9793,3,0
40.785,-73.9807,3,0
40.7837,-73.9817,3,0
40.7818,-73.9831,3,0
40.7798,-73.9845,3,0
40.7785,-73.9854,3,0
40.776,-73.9873,2,2
40.7741,-73.9886,2,0
40.7722,-73.99,2,0
40.771,-73.9909,2,0
40.7698,-73.9881,1,2
40.7686,-73.9852,1,0
40.7674,-73.9824,1,0
40.7663,-73.9818,1,0
40.768,-73.9814,1,0
40.7677,-73.9819,2,1
40.7663,-73.9818,2,0
40.7655,-73.98,2,0
40.7643,-73.9772,2,0
40.763,-73.974,2,0
40.7617,-73.9709,2,0
40.7603,-73.9696,1,2
40.7596,-73.968,1,0
40.7616,-73.9666,1,0
40.7606,-73.9643,1,0
40.7602,-73.9615,0,2
40.7621,-73.9601,0,0
40.764,-73.9588,0,0
40.7652,-73.9579,0,0
40.7649,-73.9552,0,0
40.7669,-73.9538,1,1
40.7662,-73.9542,1,0
40.7643,-73.9556,1,0
40.7624,-73.957,1,0
40.7609,-73.9573,1,0
40.7593,-73.9582,1,0
40.7593,-73.9582,1,0
40.7593,-73.9582,1,0
40.7552,-73.9618,1,0
40.7529,-73.964,2,1
40.7529,-73.964,2,0
40.7529,-73.964,2,0
40.7469,-73.9693,2,0
40.7458,-73.9704,2,0
40.7469,-73.9712,2,0
40.7479,-73.9736,2,0
40.7497,-73.9741,3,1
40.7514,-73.9739,3,0
40.7527,-73.973,2,2
40.7521,-73.9756,2,0
40.7502,-73.977,2,0
40.7503,-73.9792,2,0
40.7509,-73.9807,2,0
40.7503,-73.9832,1,2
40.7484,-73.9846,1,0
40.7465,-73.986,1,0
40.7447,-73.9873,1,0
40.7435,-73.9882,1,0
40.7421,-73.9849,0,2
40.7414,-73.9834,0,0
40.742,-73.9809,1,1
40.7438,-73.9795,1,0
40.7451,-73.9786,1,0
40.747,-73.9771,2,1
40.7489,-73.9758,2,0
40.7508,-73.9744,2,0
40.7527,-73.973,4,1
40.7546,-73.9716,4,0
40.7536,-73.9694,4,0
40.7533,-73.9667,3,2
40.7551,-73.9652,3,0
40.757,-73.9639,3,0
40.758,-73.9662,3,0
40.759,-73.9685,2,2
40.7603,-73.9675,2,0
40.7617,-73.9709,2,0
40.763,-73.9719,2,0
40.7642,-73.971,2,0
40.7643,-73.973,1,2
40.7648,-73.9705,1,0
40.7667,-73.9691,1,0
40.7686,-73.9678,1,0
40.7705,-73.9664,1,0
40.7725,-73.9649,2,1
40.7737,-73.964,2,0
40.7731,-73.9665,2,0
40.7711,-73.968,2,0
40.7693,-73.9694,2,0
40.768,-73.9703,2,0
40.7666,-73.9669,1,2
40.766,-73.9654,1,0
40.7659,-73.9634,1,0
40.7654,-73.9659,1,0
40.7641,-73.9668,0,2
40.7647,-73.9643,0,0
40.7666,-73.9629,0,0
40.7685,-73.9615,0,0
40.7704,-73.9601,2,1
40.7711,-73.9617,2,0
40.773,-73.9623,3,1
40.7718,-73.9634,3,0
40.7699,-73.9649,3,0
40.768,-73.9663,3,0
40.7661,-73.9676,3,0
40.7661,-73.9696,3,0
40.7661,-73.9716,3,0
40.7646,-73.9736,3,0
40.763,-73.974,2,2
40.761,-73.9754,4,1
40.761,-73.9733,3,2
40.7623,-73.9724,3,0
40.763,-73.974,3,0
40.7643,-73.9772,2,2
40.7655,-73.98,2,0
40.7647,-73.9822,2,0
40.766,-73.9834,1,2
40.7677,-73.9819,1,0
40.7689,-73.9822,3,1
40.7683,-73.9815,3,0
40.7699,-73.9806,3,0
40.7718,-73.9792,2,2
40.7724,-73.9787,2,0
40.773,-73.982,1,2
40.7718,-73.9792,1,0
40.7717,-73.9777,1,0
40.7717,-73.9777,1,0
40.7688,-73.9723,1,0
40.768,-73.9703,1,0
40.7666,-73.9669,1,0
40.7654,-73.9659,1,0
40.7647,-73.9643,1,0
40.7637,-73.9621,1,0
40.7627,-73.9597,1,0
40.7612,-73.9579,0,2
40.7612,-73.9579,1,1
40.763,-73.9565,1,0
40.7649,-73.9552,1,0
40.7669,-73.9538,1,0
40.7675,-73.9532,1,0
40.7698,-73.9546,1,0
40.7717,-73.9532,2,1
40.7736,-73.9517,2,0
40.7746,-73.9541,2,0
40.7762,-73.9559,2,0
40.7775,-73.957,2,0
40.7788,-73.958,1,2
40.7808,-73.9566,1,0
40.7827,-73.9552,1,0
40.7846,-73.9538,1,0
40.7846,-73.9519,1,0
40.7845,-73.9498,1,0
40.7865,-73.9484,1,0
40.7884,-73.947,1,0
40.7903,-73.9456,1,0
40.7916,-73.9447,1,0
40.7935,-73.9433,1,0
40.7954,-73.9419,1,0
40.7973,-73.9405,1,0
40.7993,-73.9391,1,0
40.7983,-73.9368,1,0
40.7973,-73.9345,1,0
40.7964,-73.9322,1,0
40.7958,-73.931,0,2
40.7957,-73.9327,0,0
40.7944,-73.9336,1,1
40.7953,-73.9359,1,0
40.7963,-73.9383,1,0
40.7938,-73.9401,1,0
40.7948,-73.9423,1,0
40.7948,-73.9444,1,0
40.7929,-73.9458,1,0
40.7909,-73.9472,1,0
40.7891,-73.9486,1,0
40.7872,-73.95,1,0
40.7873,-73.9522,1,0
40.7853,-73.9536,1,0
40.7834,-73.955,1,0
40.7821,-73.9537,2,1
40.7822,-73.9559,3,1
40.7802,-73.9573,3,0
40.7789,-73.9583,3,0
40.777,-73.9597,3,0
40.775,-73.9611,3,0
40.7731,-73.9625,3,0
40.7711,-73.9639,3,0
40.7692,-73.9653,3,0
40.7673,-73.9667,3,0
40.7655,-73.9681,3,0
40.7636,-73.9694,3,0
40.7617,-73.9709,3,0
40.7597,-73.9723,3,0
40.7579,-73.9736,3,0
40.756,-73.975,3,0
40.755,-73.9765,3,0
40.7547,-73.9779,3,0
40.7542,-73.9804,3,0
40.7528,-73.9793,3,0
40.7524,-73.9784,4,1
40.7502,-73.977,3,2
40.7483,-73.9783,3,0
40.7464,-73.9797,3,0
40.7445,-73.9811,3,0
40.7432,-73.9799,3,0
40.7423,-73.9777,2,2
40.7417,-73.9782,2,0
40.7433,-73.982,2,0
40.7445,-73.9831,1,2
40.744,-73.9837,1,0
40.7421,-73.985,1,0
40.7402,-73.9864,1,0
40.7383,-73.9878,1,0
40.7366,-73.9891,1,0
40.7348,-73.9907,1,0
40.7345,-73.9923,1,0
40.734,-73.995,1,0
40.734,-73.995,1,0
40.7354,-73.9983,1,0
40.7355,-74.0017,1,0
40.7355,-74.0033,0,2
40.7355,-74.0017,0,0
40.7334,-74.0026,1,1
40.7317,-74.001,1,0
40.7337,-73.9995,1,0
40.7354,-73.9983,1,0
40.7374,-73.9968,1,0
40.7393,-73.9954,1,0
40.741,-73.9942,1,0
40.7429,-73.9928,1,0
40.7448,-73.9914,1,0
40.7467,-73.9901,1,0
40.7485,-73.9887,2,1
40.7483,-73.9882,2,0
40.7465,-73.9839,2,0
40.7484,-73.9825,2,0
40.7503,-73.9811,2,0
40.7521,-73.9798,2,0
40.7535,-73.9788,2,0
40.7535,-73.9809,3,1
40.7541,-73.9783,3,0
40.756,-73.977,3,0
40.7579,-73.9756,3,0
40.7597,-73.9742,3,0
40.7616,-73.9729,3,0
40.763,-73.9719,3,0
40.7648,-73.9705,2,2
40.7647,-73.9683,2,0
40.7666,-73.9669,2,0
40.7666,-73.9669,3,1
40.7654,-73.9659,2,2
40.7653,-73.9638,2,0
40.7644,-73.9616,2,0
40.764,-73.9588,2,0
40.7652,-73.9579,2,0
40.7649,-73.9552,1,2
40.7669,-73.9538,2,1
40.7669,-73.9538,4,1
40.7678,-73.956,4,0
40.7681,-73.9589,3,2
40.7669,-73.9598,3,0
40.7685,-73.9636,3,0
40.7686,-73.9658,3,0
40.7686,-73.9678,2,2
40.7705,-73.9664,2,0
40.7718,-73.9654,2,0
40.7718,-73.9654,2,0
40.7737,-73.964,2,0
40.7756,-73.9626,4,1
40.777,-73.9616,4,0
40.7789,-73.9602,4,0
40.7809,-73.9588,4,0
40.7828,-73.9574,4,0
40.7847,-73.956,2,2
40.7859,-73.9551,1,2
40.784,-73.9545,1,0
40.7822,-73.9559,2,1
40.7802,-73.9573,3,1
40.7783,-73.9587,3,0
40.7764,-73.9601,3,0
40.7744,-73.9616,3,0
40.7744,-73.9616,2,2
40.7725,-73.963,2,0
40.7705,-73.9644,2,0
40.7686,-73.9658,2,0
40.7667,-73.9672,2,0
40.7654,-73.9659,1,2
40.7635,-73.9673,1,0
40.7622,-73.9682,1,0
40.7622,-73.9661,1,0
40.7616,-73.9686,1,0
40.7596,-73.9701,1,0
40.7609,-73.9711,1,0
40.7623,-73.9701,1,0
40.761,-73.967,1,0
40.7599,-73.9647,1,0
40.759,-73.9624,1,0
40.758,-73.9602,0,2
40.7593,-73.9593,0,0
40.7612,-73.9579,0,0
40.7621,-73.9601,0,0
40.7625,-73.963,0,0
40.7606,-73.9643,0,0
40.7596,-73.964,0,0
40.759,-73.9624,0,0
40.7567,-73.9612,0,0
40.7574,-73.9607,0,0
40.7574,-73.9607,0,0
40.759,-73.9624,1,1
40.7609,-73.9611,1,0
40.7619,-73.9634,1,0
40.7628,-73.9657,1,0
40.7647,-73.9643,1,0
40.7653,-73.9638,1,0
40.7644,-73.9616,1,0
40.764,-73.9588,1,0
40.7651,-73.9615,1,0
40.7672,-73.9625,1,0
40.7691,-73.9611,1,0
40.7711,-73.9596,1,0
40.7723,-73.9587,1,0
40.7708,-73.9569,0,2
40.7688,-73.9584,0,0
40.7669,-73.9598,0,0
40.7678,-73.962,0,0
40.7697,-73.9606,0,0
40.7688,-73.9584,0,0
40.7678,-73.956,1,1
40.7669,-73.9538,1,0
40.7669,-73.9538,1,0
40.7661,-73.9519,1,0
40.7656,-73.9547,1,0
40.7637,-73.9561,1,0
40.7646,-73.9583,1,0
40.7656,-73.9607,1,0
40.7666,-73.9629,1,0
40.768,-73.9663,1,0
40.768,-73.9682,1,0
40.7686,-73.9698,1,0
40.7688,-73.9723,1,0
40.7688,-73.9723,1,0
40.7717,-73.9777,1,0
40.7724,-73.9787,1,0
40.7727,-73.9823,0,2
40.7711,-73.9834,1,1
40.7697,-73.982,2,1
40.7713,-73.982,2,0
40.7739,-73.9823,2,0
40.7738,-73.9821,1,2
40.7754,-73.9821,1,0
40.7749,-73.9807,2,1
40.7749,-73.9769,3,1
40.7755,-73.9765,3,0
40.7761,-73.9798,2,2
40.7743,-73.9812,2,0
40.7727,-73.9823,2,0
40.7711,-73.9834,3,1
40.7698,-73.9823,3,0
40.7677,-73.9819,3,0
40.7677,-73.9819,2,2
40.7677,-73.981,2,0
40.7669,-73.9791,2,0
40.7657,-73.9762,4,1
40.7643,-73.973,4,0
40.7629,-73.9697,4,0
40.7622,-73.9682,3,2
40.7628,-73.9657,3,0
40.7647,-73.9643,3,0
40.7659,-73.9634,3,0
40.7654,-73.9659,3,0
40.7641,-73.9668,2,2
40.7647,-73.9643,2,0
40.7666,-73.9629,2,0
40.7685,-73.9615,2,0
40.7697,-73.9606,2,0
40.7717,-73.9592,2,0
40.7736,-73.9578,2,0
40.7756,-73.9563,2,0
40.7775,-73.9549,2,0
40.7795,-73.9535,2,0
40.7814,-73.9521,2,0
40.7833,-73.9508,2,0
40.7852,-73.9493,2,0
40.7871,-73.9479,2,0
40.789,-73.9465,2,0
40.7909,-73.9452,2,0
40.7929,-73.9437,2,0
40.7948,-73.9423,2,0
40.7954,-73.9419,2,0
40.7979,-73.94,2,0
40.7993,-73.9391,2,0
40.7983,-73.9368,2,0
40.7973,-73.9345,2,0
40.7958,-73.931,2,0
40.7951,-73.9332,2,0
40.7938,-73.9322,2,0
40.7938,-73.9322,2,0
40.7938,-73.9322,2,0
40.7904,-73.9367,2,0
40.7904,-73.9367,2,0
40.7853,-73.9403,2,0
40.7846,-73.942,2,0
40.7829,-73.9441,2,0
40.7805,-73.9443,2,0
40.7785,-73.9453,2,0
40.7766,-73.9466,2,0
40.7752,-73.9476,2,0
40.7733,-73.949,2,0
40.7714,-73.9504,2,0
40.7695,-73.9519,2,0
40.7675,-73.9532,2,0
40.7656,-73.9547,2,0
40.7637,-73.9561,2,0
40.7618,-73.9575,2,0
40.7609,-73.9573,2,0
40.7593,-73.9582,2,0
40.7593,-73.9582,2,0
40.7552,-73.9618,2,0
40.7552,-73.9618,2,0
40.7529,-73.964,2,0
40.7529,-73.964,2,0
40.7478,-73.9684,2,0
40.7478,-73.9684,2,0
40.7478,-73.9684,2,0
40.7478,-73.9684,2,0
40.7407,-73.9729,2,0
40.7384,-73.9738,2,0
40.737,-73.9749,2,0
40.7354,-73.9751,2,0
40.7323,-73.9743,2,0
40.731,-73.974,2,0
40.7285,-73.9757,2,0
40.7278,-73.9762,2,0
40.7261,-73.9743,2,0
40.7244,-73.9742,2,0
40.7242,-73.9735,2,0
40.7203,-73.9749,1,2
40.7188,-73.9751,1,0
40.7165,-73.9757,1,0
40.7154,-73.9763,1,0
40.7124,-73.9778,1,0
40.7124,-73.9778,1,0
40.7109,-73.9823,1,0
40.7107,-73.9853,1,0
40.7105,-73.9866,1,0
40.7101,-73.9898,1,0
40.7095,-73.994,1,0
40.7092,-73.9962,1,0
40.7083,-73.9994,1,0
40.7073,-74.0013,1,0
40.7058,-74.0039,1,0
40.7061,-74.006,1,0
40.7061,-74.0075,1,0
40.7077,-74.0102,1,0
40.7075,-74.0119,1,0
40.7059,-74.0132,1,0
40.7049,-74.0156,1,0
40.7048,-74.0169,0,2
40.7048,-74.015,0,0
40.707,-74.0135,0,0
40.7091,-74.0121,0,0
40.7092,-74.0105,1,1
40.709,-74.0089,1,0
40.711,-74.0108,1,0
40.7127,-74.0097,1,0
40.7144,-74.0084,1,0
40.7165,-74.0067,1,0
40.7183,-74.0054,1,0
40.7206,-74.0052,1,0
40.7222,-74.0054,1,0
40.7241,-74.0044,2,1
40.7265,-74.0023,2,0
40.727,-74.0034,2,0
40.7273,-74.0073,2,0
40.7299,-74.0069,2,0
40.7309,-74.0067,1,2
40.7311,-74.0029,1,0
40.7317,-74.001,1,0
40.7337,-73.9995,1,0
40.7354,-73.9983,1,0
40.7374,-73.9968,1,0
40.7393,-73.9954,1,0
40.7416,-73.9937,1,0
40.7429,-73.9928,1,0
40.7448,-73.9914,1,0
40.7467,-73.9901,2,1
40.7485,-73.9887,2,0
40.7507,-73.9878,1,2
40.7517,-73.9901,2,1
40.7497,-73.9916,2,0
40.7497,-73.9916,2,0
40.7476,-73.9883,2,0
40.7453,-73.9887,2,0
40.7435,-73.9882,2,0
40.7428,-73.9866,2,0
40.7414,-73.9834,2,0
40.7407,-73.9818,2,0
40.7392,-73.9782,2,0
40.7392,-73.9782,1,2
40.7386,-73.9804,1,0
40.7372,-73.9814,1,0
40.7348,-73.9831,1,0
40.733,-73.9844,1,0
40.731,-73.9859,1,0
40.7292,-73.9872,1,0
40.7274,-73.9885,1,0
40.7256,-73.9899,1,0
40.7236,-73.9911,1,0
40.7229,-73.9888,1,0
40.7217,-73.9893,1,0
40.7192,-73.9906,1,0
40.7174,-73.9914,1,0
40.7147,-73.9929,1,0
40.7132,-73.9927,1,0
40.7109,-73.9922,1,0
40.7095,-73.994,0,2
40.7106,-73.9941,1,1
40.713,-73.9945,1,0
40.7142,-73.9948,1,0
40.7155,-73.9965,1,0
40.7168,-73.9977,1,0
40.7182,-73.9979,1,0
40.7205,-73.9968,1,0
40.7212,-73.9966,2,1
40.7223,-73.9971,3,1
40.7242,-73.9978,3,0
40.7254,-74.0001,3,0
40.7265,-74.0023,3,0
40.728,-74.003,3,0
40.7298,-74.0022,3,0
40.7317,-74.001,3,0
40.7334,-74.0011,3,0
40.733,-74.0018,2,2
40.7332,-74.0007,2,0
40.7337,-74.0027,2,0
40.7355,-74.0033,2,0
40.7381,-74.0039,2,0
40.7381,-74.0065,2,0
40.7403,-74.0059,1,2
40.7409,-74.0051,1,0
40.7404,-74.002,1,0
40.7423,-74.0007,1,0
40.7446,-73.999,1,0
40.746,-73.998,1,0
40.7478,-73.9966,1,0
40.7497,-73.9953,1,0
40.7515,-73.9939,1,0
40.7535,-73.9925,1,0
40.7553,-73.9912,1,0
40.7572,-73.9898,1,0
40.7585,-73.9888,1,0
40.7573,-73.986,2,1
40.7554,-73.9874,2,0
40.7536,-73.9871,2,0
40.7522,-73.9875,2,0
40.7517,-73.9901,2,0
40.7497,-73.9916,2,0
40.7491,-73.992,2,0
40.7503,-73.9948,2,0
40.7515,-73.9939,1,2
40.7515,-73.9977,1,0
40.7496,-73.9991,1,0
40.7478,-74.0004,1,0
40.7478,-74.0004,1,0
40.7502,-74.0023,1,0
40.7521,-74.001,0,2
40.7539,-73.9996,1,1
40.7539,-73.9976,1,0
40.7547,-73.9954,1,0
40.7547,-73.9954,1,0
40.7547,-73.9954,1,0
40.7547,-73.9916,1,0
40.7566,-73.9903,2,1
40.7547,-73.9954,1,2
40.7547,-73.9916,1,0
40.7566,-73.9903,2,1
40.7572,-73.9898,2,0
40.7548,-73.9879,2,0
40.7529,-73.9892,2,0
40.751,-73.9906,2,0
40.7491,-73.992,1,2
40.7472,-73.9934,1,0
40.7454,-73.9947,1,0
40.7547,-73.9954,1,0
40.7547,-73.9916,1,0
40.7566,-73.9903,2,1
40.7572,-73.9898,2,0
40.7548,-73.9879,2,0
40.7529,-73.9892,2,0
40.7547,-73.9954,1,2
40.7547,-73.9916,1,0
40.7566,-73.9903,2,1
40.7572,-73.9898,2,0
40.7548,-73.9879,2,0
40.7529,-73.9892,2,0
40.7547,-73.9954,1,2
40.7547,-73.9916,1,0
40.7566,-73.9903,2,1
40.7572,-73.9898,2,0
40.7548,-73.9879,2,0
40.7529,-73.9892,2,0
40.751,-73.9906,2,0
40.7491,-73.992,1,2
40.7472,-73.9934,1,0
40.7454,-73.9947,1,0
40.7448,-73.9952,1,0
40.7442,-73.9919,0,2
40.7448,-73.9914,1,1
40.7424,-73.989,1,0
40.7406,-73.9893,1,0
40.7395,-73.9868,2,1
40.7409,-73.988,2,0
40.7414,-73.9891,3,1
40.7421,-73.9871,3,0
40.744,-73.9857,3,0
40.7459,-73.9843,3,0
40.7478,-73.983,3,0
40.7491,-73.9841,2,2
40.7484,-73.9846,2,0
40.7498,-73.9877,3,1
40.751,-73.9906,2,2
40.7491,-73.992,2,0
40.7472,-73.9934,2,0
40.7454,-73.9947,2,0
40.7434,-73.9961,2,0
40.7416,-73.9974,2,0
40.7416,-73.9974,2,0
40.7399,-73.9987,2,0
40.7386,-73.9997,2,0
40.7397,-74.0025,1,2
40.7409,-74.0051,1,0
40.7396,-74.0063,0,2
40.741,-74.0054,0,0
40.7425,-74.0079,1,1
40.7446,-74.0064,3,1
40.7464,-74.0051,3,0
40.7484,-74.0037,3,0
40.7502,-74.0023,3,0
40.7521,-74.001,3,0
40.7539,-73.9996,3,0
40.7539,-73.9976,3,0
40.7551,-73.9964,3,0
40.7547,-73.9954,3,0
40.7547,-73.9916,2,2
40.7566,-73.9903,2,0
40.7585,-73.9888,2,0
40.7604,-73.9875,2,0
40.7623,-73.9861,1,2
40.7642,-73.9847,1,0
40.7642,-73.9847,1,0
40.7654,-73.9876,1,0
40.7665,-73.9904,1,0
40.7684,-73.9928,1,0
40.7672,-73.99,1,0
40.7672,-73.99,1,0
40.766,-73.9871,1,0
40.766,-73.9834,1,0
40.7655,-73.982,1,0
40.7636,-73.9814,2,1
40.7617,-73.9828,2,0
40.7611,-73.9833,2,0
40.7599,-73.9804,2,0
40.7605,-73.98,2,0
40.7611,-73.9833,2,0
40.7592,-73.9846,2,0
40.7573,-73.986,2,0
40.7554,-73.9874,2,0
40.7535,-73.9888,2,0
40.7517,-73.9901,2,0
40.7497,-73.9916,2,0
40.7479,-73.9929,2,0
40.746,-73.9943,2,0
40.7441,-73.9956,2,0
40.7422,-73.997,2,0
40.7405,-73.9983,2,0
40.7386,-73.9997,2,0
40.7366,-74.0011,2,0
40.7351,-74.002,2,0
40.7325,-74.0034,2,0
40.7318,-74.0051,1,2
40.7319,-74.0088,1,0
40.7297,-74.0092,1,0
40.7291,-74.0108,1,0
40.7291,-74.0108,1,0
40.7252,-74.0113,1,0
40.723,-74.0117,1,0
40.7224,-74.0119,1,0
40.7203,-74.0123,1,0
40.7165,-74.0132,1,0
40.7153,-74.0135,1,0
40.7138,-74.0139,1,0
40.7111,-74.0146,1,0
40.7097,-74.0151,1,0
40.7066,-74.0162,1,0
40.7048,-74.0169,0,2
40.7051,-74.0165,0,0
40.7064,-74.0151,0,0
40.7048,-74.015,1,1
40.707,-74.0135,1,0
40.7093,-74.0119,1,0
40.711,-74.0108,1,0
40.7127,-74.0097,1,0
40.7149,-74.0079,1,0
40.7162,-74.0092,1,0
40.7183,-74.0089,1,0
40.7206,-74.0085,1,0
40.7226,-74.0081,1,0
40.7238,-74.0079,1,0
40.7266,-74.0074,1,0
40.7288,-74.0071,1,0
40.7313,-74.0067,1,0
40.7331,-74.0064,1,0
40.7355,-74.006,2,1
40.7375,-74.0048,2,0
40.7375,-74.0039,2,0
40.7372,-74.0006,2,0
40.736,-73.9978,2,0
40.738,-73.9963,2,0
40.7404,-73.9946,2,0
40.7422,-73.9933,2,0
40.7442,-73.9919,1,2
40.746,-73.9905,1,0
40.7479,-73.9892,1,0
40.7479,-73.9892,1,0
40.7491,-73.992,1,0
40.7515,-73.9939,1,0
40.7529,-73.993,1,0
40.7547,-73.9916,1,0
40.7566,-73.9903,2,1
40.7585,-73.9888,2,0
40.7604,-73.9875,2,0
40.7623,-73.9861,3,1
40.7642,-73.9847,4,1
40.764,-73.9825,3,2
40.7621,-73.9836,2,2
40.7611,-73.9833,2,0
40.7599,-73.9804,2,0
40.7605,-73.98,1,2
40.7605,-73.9837,3,1
40.7586,-73.9851,3,0
40.7567,-73.9865,3,0
40.7554,-73.9874,3,0
40.7566,-73.9903,1,2
40.7578,-73.9931,1,0
40.7559,-73.9945,1,0
40.7541,-73.9958,1,0
40.7546,-73.9972,1,0
40.7552,-74.0005,0,2
40.7551,-74.0025,0,0
40.7533,-74.0038,0,0
40.7514,-74.0052,0,0
40.7495,-74.0066,2,1
40.7481,-74.0078,2,0
40.7481,-74.0078,2,0
40.744,-74.0084,2,0
40.7435,-74.0072,2,0
40.7423,-74.0044,1,2
40.7411,-74.0016,1,0
40.7399,-73.9987,1,0
40.7387,-73.9959,1,0
40.7404,-73.9946,1,0
40.7422,-73.9933,1,0
40.7429,-73.9928,1,0
40.7414,-73.9891,1,0
40.7409,-73.9859,1,0
40.7421,-73.9849,1,0
40.7408,-73.9838,1,0
40.7421,-73.9849,0,2
40.7433,-73.984,0,0
40.7452,-73.9828,0,0
40.7465,-73.9839,1,1
40.7478,-73.983,1,0
40.7483,-73.9803,1,0
40.7504,-73.9788,2,1
40.7502,-73.977,2,0
40.7483,-73.9783,2,0
40.7464,-73.9797,2,0
40.7454,-73.9773,2,0
40.7445,-73.9752,2,0
40.7438,-73.9735,1,2
40.7441,-73.9764,1,0
40.7423,-73.9777,1,0
40.7404,-73.9791,1,0
40.7386,-73.9804,1,0
40.7366,-73.9818,1,0
40.737,-73.9845,1,0
40.7371,-73.9865,1,0
40.7372,-73.9886,1,0
40.7354,-73.99,1,0
40.7352,-73.9917,1,0
40.7353,-73.9941,1,0
40.7334,-73.9955,1,0
40.7323,-73.9964,1,0
40.7316,-73.9948,0,2
40.7333,-73.9933,0,0
40.7339,-73.9928,0,0
40.7335,-73.9899,1,1
40.734,-73.9909,1,0
40.7324,-73.9913,1,0
40.7301,-73.9928,1,0
40.7284,-73.9943,1,0
40.7265,-73.9958,1,0
40.7259,-73.9976,1,0
40.7269,-74,2,1
40.7254,-74.0001,2,0
40.7242,-74.0011,2,0
40.7234,-74.0038,2,0
40.7238,-74.0061,2,0
40.7211,-74.0066,2,0
40.7206,-74.0052,1,2
40.7226,-74.0063,1,0
40.7205,-74.0067,1,0
40.7183,-74.007,1,0
40.7166,-74.0084,1,0
40.7155,-74.0092,1,0
40.7155,-74.0092,1,0
40.7149,-74.0079,1,0
40.7149,-74.0079,1,0
40.7162,-74.0092,1,0
40.7186,-74.0088,1,0
40.7206,-74.0085,1,0
40.7226,-74.0081,1,0
40.7252,-74.0077,1,0
40.7273,-74.0073,1,0
40.7295,-74.007,1,0
40.7317,-74.0066,1,0
40.7337,-74.0063,1,0
40.7358,-74.0059,1,0
40.7375,-74.0048,1,0
40.7394,-74.0028,1,0
40.7397,-74.0025,1,0
40.7409,-74.0051,1,0
40.7404,-74.002,1,0
40.7428,-74.0003,1,0
40.7446,-73.999,1,0
40.7466,-73.9976,1,0
40.7484,-73.9962,1,0
40.7503,-73.9948,1,0
40.7515,-73.9939,1,0
40.7508,-73.9922,1,0
40.7529,-73.993,3,1
40.7547,-73.9916,3,0
40.7553,-73.9912,2,2
40.7552,-73.995,2,0
40.7558,-73.9953,2,0
40.7559,-73.9954,2,0
40.7543,-73.9983,1,2
40.7543,-73.9983,1,0
40.7509,-73.9982,1,0
40.7496,-73.9991,1,0
40.7472,-74.0009,1,0
40.7459,-74.0019,1,0
40.7435,-74.0036,1,0
40.7416,-74.0048,1,0
40.7394,-74.0054,1,0
40.7376,-74.0057,1,0
40.737,-74.0065,1,0
40.7355,-74.0084,1,0
40.7334,-74.0086,1,0
40.7312,-74.0089,1,0
40.729,-74.0094,1,0
40.7291,-74.0108,1,0
40.7257,-74.0112,1,0
40.7252,-74.0113,1,0
40.7224,-74.0119,1,0
40.7203,-74.0123,1,0
40.7173,-74.013,1,0
40.7153,-74.0135,1,0
40.7138,-74.0139,1,0
40.7111,-74.0146,1,0
40.7097,-74.0151,1,0
40.7072,-74.016,1,0
40.7048,-74.0169,0,2
40.7045,-74.0142,0,0
40.7046,-74.0142,2,1
40.7063,-74.0143,2,0
40.7078,-74.013,2,0
40.7097,-74.0117,2,0
40.7115,-74.0105,2,0
40.7138,-74.0089,2,0
40.7154,-74.0076,2,0
40.7171,-74.0062,2,0
40.719,-74.0052,2,0
40.7217,-74.0053,2,0
40.7236,-74.0048,2,0
40.7255,-74.004,2,0
40.728,-74.003,2,0
40.7298,-74.0022,2,0
40.7317,-74.001,2,0
40.7337,-73.9995,2,0
40.7354,-73.9983,2,0
40.7374,-73.9968,2,0
40.7393,-73.9954,2,0
40.741,-73.9942,2,0
40.7429,-73.9928,2,0
40.7429,-73.9928,2,0
40.7409,-73.988,2,0
40.7428,-73.9866,2,0
40.7446,-73.9852,2,0
40.7465,-73.9839,2,0
40.7484,-73.9825,2,0
40.7503,-73.9811,2,0
40.7521,-73.9798,2,0
40.7541,-73.9783,2,0
40.756,-73.977,2,0
40.7579,-73.9756,2,0
40.7597,-73.9742,1,2
40.7616,-73.9729,1,0
40.763,-73.974,1,0
40.763,-73.974,1,0
40.7643,-73.9772,1,0
40.7655,-73.98,1,0
40.7674,-73.9824,2,1
40.7683,-73.9815,2,0
40.7705,-73.9801,2,0
40.7724,-73.9787,2,0
40.7743,-73.9774,1,2
40.7762,-73.976,1,0
40.7782,-73.9745,1,0
40.7775,-73.975,1,0
40.7782,-73.9745,1,0
40.7795,-73.9736,1,0
40.782,-73.9717,1,0
40.784,-73.9703,0,2
40.782,-73.9717,0,0
40.782,-73.9717,0,0
40.7782,-73.9745,0,0
40.7762,-73.976,1,1
40.7749,-73.9769,1,0
40.773,-73.9783,1,0
40.7724,-73.9787,1,0
40.7747,-73.9823,3,1
40.7727,-73.9823,3,0
40.7706,-73.9823,3,0
40.7683,-73.9822,3,0
40.7671,-73.9817,3,0
40.7647,-73.9822,3,0
40.7627,-73.9832,3,0
40.7629,-73.9856,2,2
40.7635,-73.9852,2,0
40.7617,-73.9828,2,0
40.7598,-73.9842,2,0
40.7586,-73.9813,2,0
40.7586,-73.9813,2,0
40.7566,-73.9765,2,0
40.7565,-73.9743,1,2
40.7584,-73.973,2,1
40.7603,-73.9716,2,0
40.7617,-73.9709,2,0
40.7617,-73.9709,3,1
40.763,-73.9719,3,0
40.7635,-73.9692,2,2
40.7642,-73.971,2,0
40.7646,-73.9736,1,2
40.763,-73.974,1,0
40.761,-73.9754,1,0
40.7592,-73.9767,1,0
40.7573,-73.9781,1,0
40.7554,-73.9795,1,0
40.7535,-73.9809,1,0
40.7516,-73.9823,1,0
40.7497,-73.9836,1,0
40.7484,-73.9846,1,0
40.7465,-73.986,1,0
40.7447,-73.9873,1,0
40.7424,-73.989,1,0
40.7409,-73.9901,1,0
40.7385,-73.9918,2,1
40.7367,-73.9931,2,0
40.7347,-73.9946,1,2
40.7339,-73.9928,1,0
40.7328,-73.99,1,0
40.7326,-73.9877,1,0
40.734,-73.9867,1,0
40.7364,-73.9849,1,0
40.7382,-73.9836,1,0
40.7401,-73.9822,1,0
40.742,-73.9809,1,0
40.7438,-73.9795,1,0
40.7457,-73.9781,1,0
40.7476,-73.9767,1,0
40.7495,-73.9753,1,0
40.7508,-73.9744,1,0
40.7527,-73.973,1,0
40.7546,-73.9716,1,0
40.7552,-73.9712,0,2
40.7564,-73.9703,0,0
40.7578,-73.9734,0,0
40.7566,-73.9745,0,0
40.7571,-73.9739,1,1
40.7571,-73.9739,1,0
40.7552,-73.9733,1,0
40.754,-73.9742,1,0
40.7533,-73.9726,1,0
40.7511,-73.9713,3,1
40.7492,-73.9727,3,0
40.7479,-73.9736,3,0
40.7489,-73.9758,3,0
40.7483,-73.9783,4,1
40.7464,-73.9797,3,2
40.7465,-73.9819,3,0
40.7471,-73.9834,3,0
40.7465,-73.986,3,0
40.7476,-73.9883,3,0
40.7453,-73.9887,3,0
40.7435,-73.9882,2,2
40.7424,-73.989,2,0
40.7399,-73.9896,3,1
40.7383,-73.9877,4,1
40.7402,-73.9863,4,0
40.7395,-73.9848,3,2
40.7401,-73.9822,3,0
40.7407,-73.9818,3,0
40.7392,-73.98,2,2
40.7407,-73.9818,2,0
40.7426,-73.9804,3,1
40.7444,-73.979,3,0
40.7457,-73.9781,2,2
40.7471,-73.9814,1,2
40.7478,-73.983,1,0
40.7478,-73.983,1,0
40.7465,-73.9819,1,0
40.7471,-73.9813,2,1
40.749,-73.9799,2,0
40.7503,-73.9792,2,0
40.7521,-73.9798,2,0
40.7506,-73.9789,1,2
40.7509,-73.9807,1,0
40.7516,-73.9823,1,0
40.7529,-73.9855,1,0
40.7542,-73.9846,1,0
40.7554,-73.9874,1,0
40.7566,-73.9903,1,0
40.7578,-73.9931,1,0
40.759,-73.9939,1,0
40.7596,-73.9955,1,0
40.7601,-73.9988,0,2
40.7583,-74.0002,0,0
40.7571,-74.0011,0,0
40.7559,-73.9982,0,0
40.7546,-73.9972,0,0
40.7558,-74,0,0
40.7564,-73.9995,1,1
40.7565,-73.9978,2,1
40.7583,-73.9964,2,0
40.7603,-73.995,2,0
40.7622,-73.9936,2,0
40.7641,-73.9922,2,0
40.7659,-73.9909,3,1
40.7678,-73.9895,2,2
40.7698,-73.9881,2,0
40.7717,-73.9867,2,0
40.7735,-73.9853,2,0
40.7754,-73.984,2,0
40.7771,-73.9822,2,0
40.777,-73.982,3,1
40.7786,-73.9816,3,0
40.7796,-73.9818,3,0
40.7811,-73.9835,2,2
40.7799,-73.9807,2,0
40.7787,-73.9779,2,0
40.7767,-73.9793,2,0
40.7749,-73.9807,3,1
40.7729,-73.9821,3,0
40.7714,-73.9823,3,0
40.7689,-73.9822,2,2
40.7671,-73.9817,4,1
40.7655,-73.982,4,0
40.7636,-73.9814,3,2
40.7636,-73.9814,3,0
40.7624,-73.9786,3,0
40.761,-73.9754,3,0
40.7597,-73.9723,3,0
40.7579,-73.9736,3,0
40.756,-73.975,3,0
40.7553,-73.9752,3,0
40.756,-73.975,4,1
40.7546,-73.9737,3,2
40.7527,-73.9751,3,0
40.7515,-73.976,3,0
40.7524,-73.9784,2,2
40.7508,-73.9765,2,0
40.7489,-73.9779,2,0
40.7471,-73.9792,2,0
40.7471,-73.9813,2,0
40.7471,-73.9814,2,0
40.7452,-73.9828,2,0
40.7433,-73.9841,2,0
40.7415,-73.9855,2,0
40.7395,-73.9869,2,0
40.7378,-73.9882,3,1
40.7385,-73.99,3,0
40.7379,-73.9922,3,0
40.736,-73.9936,3,0
40.734,-73.995,3,0
40.7329,-73.9959,3,0
40.7341,-73.9997,3,0
40.7329,-73.998,2,2
40.731,-73.9996,1,2
40.7306,-74.0017,0,2
40.7323,-74.0005,0,0
40.7341,-73.9992,0,0
40.736,-73.9978,0,0
40.7374,-73.9968,2,1
40.736,-73.9936,2,0
40.7352,-73.9917,2,0
40.7332,-73.9911,2,0
40.7312,-73.9919,4,1
40.7296,-73.9933,3,2
40.7278,-73.9948,3,0
40.7282,-73.9956,3,0
40.7297,-73.9986,3,0
40.7277,-74.0014,2,2
40.7285,-74.0028,2,0
40.731,-74.0046,2,0
40.7324,-74.0055,2,0
40.7344,-74.0062,2,0
40.7365,-74.0058,2,0
40.7384,-74.0039,2,0
40.7394,-74.0039,1,2
40.741,-74.0054,1,0
40.7421,-74.0082,1,0
40.7441,-74.0068,2,1
40.7458,-74.0055,2,0
40.7477,-74.0042,2,0
40.7496,-74.0028,2,0
40.7514,-74.0014,2,0
40.7527,-74.0005,2,0
40.7553,-73.9987,2,0
40.7571,-73.9973,2,0
40.759,-73.9959,2,0
40.7609,-73.9945,2,0
40.7616,-73.9941,2,0
40.7634,-73.9965,1,2
40.7627,-73.9969,1,0
40.7608,-73.9983,2,1
40.7596,-73.9955,2,0
40.7616,-73.9941,2,0
40.7634,-73.9927,2,0
40.7641,-73.9922,2,0
40.7659,-73.9946,1,2
40.7677,-73.9933,1,0
40.7671,-73.9937,2,1
40.7659,-73.9909,2,0
40.7678,-73.9895,2,0
40.7698,-73.9881,2,0
40.771,-73.9872,2,0
40.7722,-73.99,2,0
40.7741,-73.9886,2,0
40.7747,-73.9882,1,2
40.7754,-73.9877,1,0
40.7742,-73.9849,1,0
40.7727,-73.9823,1,0
40.7711,-73.9834,2,1
40.7692,-73.9848,4,1
40.7672,-73.9862,4,0
40.766,-73.9871,3,2
40.7648,-73.9843,3,0
40.7634,-73.9828,3,0
40.7614,-73.984,2,2
40.7598,-73.9842,2,0
40.7598,-73.9842,2,0
40.7599,-73.9804,4,1
40.7611,-73.9795,4,0
40.7598,-73.9763,4,0
40.7597,-73.9742,3,2
40.7596,-73.9721,3,0
40.7616,-73.9707,3,0
40.7636,-73.9694,2,2
40.7641,-73.9688,4,1
40.7641,-73.9668,4,0
40.7634,-73.9652,4,0
40.7621,-73.962,3,2
40.7621,-73.9601,3,0
40.764,-73.9588,3,0
40.765,-73.9616,2,2
40.7659,-73.9634,2,0
40.7678,-73.962,2,0
40.7697,-73.9606,2,0
40.7717,-73.9592,1,2
40.773,-73.9583,1,0
40.7744,-73.9616,1,0
40.7756,-73.9626,1,0
40.775,-73.9611,0,2
40.775,-73.9631,1,1
40.775,-73.9611,1,0
40.7736,-73.9599,1,0
40.7717,-73.9613,1,0
40.7717,-73.9632,1,0
40.7717,-73.9613,1,0
40.7697,-73.9627,2,1
40.7679,-73.9641,2,0
40.766,-73.9654,3,1
40.7641,-73.9668,3,0
40.7622,-73.9682,3,0
40.7603,-73.9696,3,0
40.7584,-73.971,2,2
40.7565,-73.9724,2,0
40.7546,-73.9737,3,1
40.7527,-73.9751,3,0
40.7515,-73.976,3,0
40.7508,-73.9744,3,0
40.7485,-73.9731,2,2
40.7467,-73.9745,2,0
40.7454,-73.9754,2,0
40.7435,-73.9768,2,0
40.7417,-73.9782,2,0
40.7404,-73.9791,2,0
40.7426,-73.9804,2,0
40.7426,-73.9825,2,0
40.7427,-73.9846,4,1
40.7409,-73.9859,4,0
40.7395,-73.9869,4,0
40.7372,-73.9886,4,0
40.7354,-73.99,4,0
40.734,-73.9909,4,0
40.7317,-73.9915,4,0
40.7296,-73.9933,4,0
40.7278,-73.9948,4,0
40.7265,-73.9958,4,0
40.7248,-73.9941,3,2
40.7241,-73.9927,3,0
40.7217,-73.9936,2,2
40.7206,-73.995,2,0
40.7216,-73.9978,2,0
40.72,-73.9991,2,0
40.7179,-74.001,2,0
40.7162,-74.0026,2,0
40.7163,-74.0045,2,0
40.7147,-74.0059,2,0
40.713,-74.0072,1,2
40.7144,-74.0084,1,0
40.7155,-74.0092,0,2
40.7165,-74.0067,1,1
40.7176,-74.009,1,0
40.7193,-74.0087,1,0
40.722,-74.0082,1,0
40.7238,-74.0079,1,0
40.7253,-74.0101,1,0
40.7262,-74.0109,1,0
40.7291,-74.0106,1,0
40.7313,-74.0103,1,0
40.7331,-74.0102,1,0
40.7353,-74.01,1,0
40.7376,-74.0098,1,0
40.7388,-74.0099,1,0
40.7388,-74.0099,1,0
40.744,-74.0084,1,0
40.746,-74.008,1,0
40.7475,-74.0077,1,0
40.747,-74.0047,1,0
40.7484,-74.0037,1,0
40.7502,-74.0023,2,1
40.7514,-74.0052,2,0
40.7495,-74.0066,2,0
40.7481,-74.0078,1,2
40.7455,-74.0083,1,0
40.7446,-74.0064,1,0
40.747,-74.0047,3,1
40.747,-74.0047,3,0
40.7459,-74.0019,3,0
40.7446,-73.999,3,0
40.7434,-73.9961,3,0
40.7422,-73.9933,3,0
40.7409,-73.9901,3,0
40.7392,-73.9898,3,0
40.7378,-73.9901,3,0
40.7365,-73.987,3,0
40.7347,-73.9883,2,2
40.7348,-73.9907,2,0
40.7348,-73.9907,2,0
40.7324,-73.9913,2,0
40.7306,-73.9924,3,1
40.7299,-73.9907,2,2
40.7296,-73.9899,3,1
40.7313,-73.9886,3,0
40.7333,-73.9872,3,0
40.7352,-73.9858,3,0
40.737,-73.9845,3,0
40.7388,-73.9831,3,0
40.7407,-73.9818,3,0
40.7426,-73.9804,3,0
40.7444,-73.979,3,0
40.7464,-73.9776,3,0
40.7482,-73.9762,2,2
40.7501,-73.9749,2,0
40.7515,-73.976,2,0
40.7524,-73.9784,2,0
40.7543,-73.977,2,0
40.7556,-73.9761,2,0
40.7572,-73.976,2,0
40.7591,-73.9747,2,0
40.7604,-73.9758,2,0
40.7585,-73.9772,1,2
40.7579,-73.9777,2,1
40.7593,-73.9809,2,0
40.7598,-73.9842,2,0
40.7594,-73.9851,3,1
40.7604,-73.9875,3,0
40.761,-73.9908,3,0
40.7604,-73.9912,2,2
40.7622,-73.9936,1,2
40.7641,-73.9922,1,0
40.7659,-73.9909,1,0
40.7678,-73.9895,1,0
40.7698,-73.9881,1,0
40.7717,-73.9867,1,0
40.7735,-73.9853,1,0
40.7754,-73.984,1,0
40.7773,-73.9826,1,0
40.7793,-73.9811,1,0
40.7812,-73.9798,1,0
40.7832,-73.9783,0,2
40.7839,-73.9801,0,0
40.7838,-73.9799,1,1
40.7838,-73.9778,2,1
40.7826,-73.975,3,1
40.7807,-73.9764,3,0
40.7787,-73.9779,3,0
40.7787,-73.9779,3,0
40.7762,-73.976,2,2
40.7743,-73.9774,2,0
40.7724,-73.9787,2,0
40.7705,-73.9801,2,0
40.7713,-73.982,2,0
40.7727,-73.9823,2,0
40.7698,-73.9823,2,0
40.7677,-73.9819,2,0
40.7663,-73.9818,2,0
40.764,-73.9825,2,0
40.7621,-73.9836,2,0
40.7598,-73.9842,2,0
40.758,-73.9855,2,0
40.7567,-73.9865,3,1
40.7543,-73.9869,3,0
40.7522,-73.9875,3,0
40.7511,-73.9868,3,0
40.7497,-73.9836,3,0
40.7484,-73.9846,3,0
40.7465,-73.986,3,0
40.7452,-73.9848,3,0
40.7433,-73.9841,2,2
40.7426,-73.9825,2,0
40.742,-73.9809,1,2
40.7398,-73.9795,1,0
40.7379,-73.9809,1,0
40.736,-73.9823,1,0
40.7343,-73.9836,1,0
40.7323,-73.9849,1,0
40.731,-73.9859,1,0
40.73,-73.9835,1,0
40.7297,-73.9809,1,0
40.7297,-73.9809,1,0
40.7314,-73.9826,1,0
40.7323,-73.9849,1,0
40.7317,-73.9854,1,0
40.7335,-73.9899,1,0
40.7353,-73.9898,1,0
40.7371,-73.9885,1,0
40.7389,-73.9874,1,0
40.7402,-73.9905,2,1
40.7402,-73.9905,2,0
40.7422,-73.9933,2,0
40.7442,-73.9919,2,0
40.746,-73.9905,3,1
40.7479,-73.9892,3,0
40.7479,-73.9892,3,0
40.7498,-73.9877,3,0
40.7507,-73.9878,3,0
40.751,-73.9906,3,0
40.751,-73.9906,3,0
40.7511,-73.9868,3,0
40.7529,-73.9855,3,0
40.7548,-73.9841,2,2
40.7555,-73.9836,2,0
40.7567,-73.9865,2,0
40.7585,-73.9888,1,2
40.7604,-73.9875,1,0
40.7623,-73.9861,2,1
40.7642,-73.9847,2,0
40.766,-73.9834,2,0
40.768,-73.9814,2,0
40.7683,-73.9822,2,0
40.7663,-73.9818,2,0
40.7655,-73.98,2,0
40.7643,-73.9772,4,1
40.7643,-73.9772,4,0
40.7617,-73.9749,4,0
40.7598,-73.9763,4,0
40.7585,-73.9772,4,0
40.7591,-73.9747,2,2
40.7604,-73.9738,2,0
40.7609,-73.9711,2,0
40.7623,-73.9701,2,0
40.761,-73.967,2,0
40.7616,-73.9666,2,0
40.76,-73.9629,1,2
40.7609,-73.9611,1,0
40.7627,-73.9597,1,0
40.7634,-73.9592,0,2
40.7612,-73.9579,0,0
40.7627,-73.9597,2,1
40.7618,-73.9575,2,0
40.7609,-73.9573,2,0
40.7593,-73.9582,2,0
40.7593,-73.9582,2,0
40.7552,-73.9618,1,2
40.7552,-73.9618,1,0
40.7525,-73.9649,1,0
40.7533,-73.9667,1,0
40.7542,-73.969,1,0
40.7559,-73.9728,1,0
40.7559,-73.9748,2,1
40.7546,-73.9737,3,1
40.7527,-73.9751,4,1
40.7508,-73.9765,4,0
40.7489,-73.9779,4,0
40.7471,-73.9792,4,0
40.7457,-73.9802,4,0
40.7439,-73.9816,4,0
40.742,-73.9829,3,2
40.7427,-73.9846,3,0
40.7441,-73.9877,3,0
40.743,-73.9892,3,0
40.7448,-73.9914,3,0
40.7454,-73.991,3,0
40.746,-73.9943,2,2
40.7441,-73.9956,2,0
40.7422,-73.997,2,0
40.7405,-73.9983,2,0
40.7386,-73.9997,2,0
40.7366,-74.0011,2,0
40.7343,-74.0024,2,0
40.7325,-74.0034,2,0
40.7303,-74.0047,1,2
40.7302,-74.0068,1,0
40.731,-74.0046,1,0
40.7309,-74.0028,1,0
40.7292,-74.0012,1,0
40.7284,-73.9997,2,1
40.7261,-74.0016,2,0
40.7246,-74.0019,2,0
40.7261,-74.0016,2,0
40.7278,-74.0031,2,0
40.7298,-74.0022,2,0
40.7317,-74.001,2,0
40.7337,-73.9995,3,1
40.7354,-73.9983,3,0
40.7374,-73.9968,3,0
40.7387,-73.9959,2,2
40.7373,-73.9927,1,2
40.736,-73.9936,1,0
40.7348,-73.9907,1,0
40.7332,-73.9911,1,0
40.7306,-73.9924,1,0
40.729,-73.9937,1,0
40.7272,-73.9953,1,0
40.7254,-73.9968,1,0
40.7242,-73.9978,1,0
40.7223,-73.9971,0,2
40.7234,-73.9957,0,0
40.725,-73.9949,0,0
40.7255,-73.993,0,0
40.7271,-73.9915,0,0
40.7284,-73.9908,0,0
40.7306,-73.9906,0,0
40.7306,-73.9924,1,1
40.7299,-73.9914,2,1
40.729,-73.9937,2,0
40.7282,-73.9956,2,0
40.7297,-73.9986,2,0
40.73,-74.0005,1,2
40.7317,-74.001,3,1
40.7329,-74.0001,3,0
40.7353,-74.0004,3,0
40.7372,-74.0015,3,0
40.7394,-74.0028,3,0
40.7411,-74.0016,2,2
40.7411,-74.0016,2,0
40.7399,-73.9987,2,0
40.7399,-73.995,3,1
40.7416,-73.9937,4,1
40.7429,-73.9928,4,0
40.7414,-73.9891,4,0
40.7421,-73.9871,4,0
40.744,-73.9857,4,0
40.7452,-73.9848,3,2
40.7458,-73.9822,3,0
40.7471,-73.9813,3,0
40.7457,-73.9781,2,2
40.747,-73.9771,3,1
40.7489,-73.9758,3,0
40.7508,-73.9744,3,0
40.7527,-73.973,4,1
40.7546,-73.9716,4,0
40.7559,-73.9728,3,2
40.7566,-73.9745,3,0
40.7585,-73.9751,2,2
40.7604,-73.9738,2,0
40.7603,-73.9716,2,0
40.7623,-73.9701,2,0
40.7616,-73.9686,2,0
40.7622,-73.9661,2,0
40.7634,-73.9652,2,0
40.7621,-73.962,2,0
40.7627,-73.9597,1,2
40.7646,-73.9583,1,0
40.7665,-73.9569,1,0
40.7678,-73.956,1,0
40.7698,-73.9546,2,1
40.7708,-73.9569,2,0
40.7688,-73.9584,2,0
40.7681,-73.9589,2,0
40.7697,-73.9627,2,0
40.7679,-73.9641,3,1
40.768,-73.9663,3,0
40.7661,-73.9676,3,0
40.7642,-73.969,3,0
40.7642,-73.971,3,0
40.7643,-73.973,2,2
40.7623,-73.9745,3,1
40.761,-73.9754,3,0
40.7597,-73.9723,3,0
40.7579,-73.9736,3,0
40.7559,-73.9748,3,0
40.7553,-73.9754,2,2
40.7546,-73.9757,2,0
40.7527,-73.9751,2,0
40.7508,-73.9765,2,0
40.7489,-73.9779,2,0
40.7489,-73.9758,1,2
40.7495,-73.9774,1,0
40.7509,-73.9807,1,0
40.751,-73.9827,1,0
40.7503,-73.9832,1,0
40.7522,-73.9875,3,1
40.7523,-73.9897,3,0
40.751,-73.9906,1,2
40.7522,-73.9935,2,1
40.7529,-73.993,2,0
40.7534,-73.9963,4,1
40.7522,-73.9935,4,0
40.7541,-73.9921,4,0
40.7559,-73.9907,3,2
40.7579,-73.9893,3,0
40.7598,-73.9879,3,0
40.7617,-73.9866,2,2
40.7635,-73.9852,3,1
40.7654,-73.9838,3,0
40.7674,-73.9824,3,0
40.7689,-73.982,3,0
40.7705,-73.982,3,0
40.773,-73.9821,3,0
40.7746,-73.9821,3,0
40.777,-73.982,3,0
40.7793,-73.9811,3,0
40.7812,-73.9798,3,0
40.7825,-73.9788,3,0
40.7845,-73.9774,3,0
40.7864,-73.976,2,2
40.7883,-73.9745,2,0
40.7902,-73.9731,2,0
40.7921,-73.9718,2,0
40.794,-73.9704,1,2
40.7929,-73.9676,1,0
40.7929,-73.9676,1,0
40.7917,-73.9628,1,0
40.7917,-73.9628,1,0
40.7917,-73.9628,1,0
40.7893,-73.9569,1,0
40.7866,-73.9567,1,0
40.7853,-73.9576,1,0
40.7839,-73.9543,1,0
40.7833,-73.9528,1,0
40.7817,-73.949,1,0
40.7798,-73.9503,1,0
40.7785,-73.9512,1,0
40.7766,-73.9527,1,0
40.7746,-73.9541,2,1
40.7726,-73.9555,2,0
40.7708,-73.9569,2,0
40.7688,-73.9584,4,1
40.7669,-73.9598,4,0
40.7649,-73.9612,4,0
40.7631,-73.9625,4,0
40.7619,-73.9634,4,0
40.7628,-73.9657,4,0
40.7622,-73.9682,3,2
40.7603,-73.9696,3,0
40.759,-73.9705,3,0
40.7583,-73.9689,3,0
40.7561,-73.9676,2,2
40.7542,-73.969,2,0
40.7524,-73.9703,2,0
40.7505,-73.9717,1,2
40.7498,-73.9722,1,0
40.7501,-73.9689,1,0
40.7523,-73.967,1,0
40.7523,-73.967,1,0
40.7534,-73.9633,1,0
40.7534,-73.9633,1,0
40.7534,-73.9633,1,0
40.759,-73.9584,0,2
40.7593,-73.9593,0,0
40.7574,-73.9607,0,0
40.7583,-73.9629,0,0
40.7593,-73.9653,0,0
40.7603,-73.9675,0,0
40.7603,-73.9696,0,0
40.7584,-73.971,0,0
40.7571,-73.9719,1,1
40.7585,-73.9751,2,1
40.7585,-73.9772,2,0
40.7567,-73.9786,2,0
40.7554,-73.9795,2,0
40.7568,-73.9827,1,2
40.7586,-73.9813,1,0
40.7593,-73.9809,2,1
40.7608,-73.9845,2,0
40.7617,-73.9866,2,0
40.7629,-73.9894,2,0
40.7641,-73.9922,2,0
40.7653,-73.9951,2,0
40.7653,-73.9951,2,0
40.7667,-73.9967,2,0
40.7665,-73.9942,1,2
40.7684,-73.9928,1,0
40.7703,-73.9914,1,0
40.7716,-73.9905,1,0
40.7735,-73.9891,1,0
40.7754,-73.9877,1,0
40.776,-73.9873,1,0
40.7791,-73.985,1,0
40.7811,-73.9835,1,0
40.783,-73.9821,1,0
40.785,-73.9807,1,0
40.7869,-73.9793,1,0
40.7889,-73.9779,1,0
40.7908,-73.9764,1,0
40.7927,-73.9751,1,0
40.7946,-73.9737,1,0
40.7966,-73.9723,1,0
40.7985,-73.9709,1,0
40.8003,-73.9695,1,0
40.8013,-73.9678,1,0
40.8029,-73.9675,1,0
40.8048,-73.9661,1,0
40.8067,-73.9648,1,0
40.808,-73.9638,1,0
40.8105,-73.962,1,0
40.8124,-73.9606,1,0
40.8138,-73.9596,1,0
40.8163,-73.9578,1,0
40.8182,-73.9564,1,0
40.8201,-73.955,1,0
40.822,-73.9536,1,0
40.8239,-73.9523,1,0
40.8257,-73.9509,1,0
40.8271,-73.9499,1,0
40.8289,-73.9485,1,0
40.8308,-73.9472,1,0
40.8327,-73.9458,1,0
40.8347,-73.9444,1,0
40.8365,-73.943,1,0
40.8384,-73.9416,1,0
40.8398,-73.9406,1,0
40.8424,-73.9393,1,0
40.8447,-73.9389,1,0
40.8462,-73.9385,1,0
40.8484,-73.9377,1,0
40.8502,-73.9357,1,0
40.8521,-73.9348,1,0
40.8542,-73.9337,1,0
40.8553,-73.9333,1,0
40.8567,-73.9326,0,2
40.8553,-73.9333,0,0
40.7406,-73.9893,0,0
40.7406,-73.9893,0,0
40.7406,-73.9893,0,0
40.7406,-73.9893,0,0
40.7406,-73.9893,0,0
40.7392,-73.9898,1,1
40.7378,-73.9882,3,1
40.7383,-73.9877,3,0
40.7402,-73.9863,3,0
40.7421,-73.9849,3,0
40.7439,-73.9836,3,0
40.7458,-73.9822,3,0
40.7464,-73.9818,3,0
40.7464,-73.9818,3,0
40.7508,-73.9786,3,0
40.7508,-73.9786,3,0
40.7546,-73.9757,3,0
40.7565,-73.9743,3,0
40.7584,-73.973,3,0
40.7603,-73.9716,3,0
40.761,-73.9714,2,2
40.7617,-73.9709,2,0
40.763,-73.974,2,0
40.763,-73.974,2,0
40.7657,-73.9762,2,0
40.7669,-73.9791,2,0
40.768,-73.9814,2,0
40.7697,-73.982,2,0
40.7722,-73.9821,2,0
40.7738,-73.9821,2,0
40.7763,-73.982,1,2
40.7783,-73.9819,1,0
40.7803,-73.9814,1,0
40.7817,-73.981,1,0
40.7838,-73.9799,1,0
40.7857,-73.9785,1,0
40.7876,-73.977,1,0
40.7895,-73.9754,1,0
40.7914,-73.974,1,0
40.7933,-73.9727,1,0
40.7953,-73.9712,1,0
40.7972,-73.9698,1,0
40.7991,-73.9685,1,0
40.8013,-73.9678,1,0
40.8029,-73.9675,1,0
40.8048,-73.9661,1,0
40.8067,-73.9648,1,0
40.8067,-73.9649,0,2
40.8067,-73.9649,0,0
40.8055,-73.9659,0,0
40.8049,-73.9663,0,0
40.8036,-73.9672,0,0
40.8016,-73.9686,0,0
40.7997,-73.97,0,0
40.7978,-73.9713,0,0
40.7959,-73.9727,0,0
40.794,-73.9742,0,0
40.7921,-73.9756,0,0
40.7902,-73.9769,0,0
40.7882,-73.9784,0,0
40.7863,-73.9798,0,0
40.7844,-73.9812,0,0
40.7824,-73.9826,0,0
40.7805,-73.984,0,0
40.7791,-73.985,0,0
40.7785,-73.9854,0,0
40.7754,-73.9877,0,0
40.7735,-73.9891,0,0
40.7716,-73.9905,0,0
40.7696,-73.9919,0,0
40.7677,-73.9933,0,0
40.7659,-73.9946,0,0
40.764,-73.996,0,0
40.7634,-73.9965,0,0
40.7622,-73.9936,0,0
40.7604,-73.9912,0,0
40.7584,-73.9926,0,0
40.7572,-73.9898,0,0
40.7585,-73.9888,0,0
40.7573,-73.986,0,0
40.7558,-73.9864,0,0
40.7548,-73.9841,0,0
40.7548,-73.9841,0,0
40.7528,-73.9814,0,0
40.7535,-73.9788,2,1
40.7554,-73.9774,2,0
40.7572,-73.976,2,0
40.7591,-73.9747,2,0
40.761,-73.9733,2,0
40.7617,-73.9749,2,0
40.763,-73.9781,2,0
40.7642,-73.981,1,2
40.7623,-73.9824,1,0
40.7621,-73.9836,1,0
40.7629,-73.9856,1,0
40.7635,-73.9889,2,1
40.7616,-73.9903,2,0
40.7604,-73.9912,2,0
40.7616,-73.9941,2,0
40.7627,-73.9969,2,0
40.7615,-73.9978,1,2
40.7595,-73.9992,1,0
40.7577,-74.0006,1,0
40.7564,-73.9995,1,0
40.7551,-73.9964,1,0
40.7547,-73.9954,1,0
40.7535,-73.9925,1,0
40.7517,-73.9901,1,0
40.751,-73.9906,2,1
40.7498,-73.9877,3,1
40.7484,-73.9846,3,0
40.7465,-73.986,3,0
40.7447,-73.9873,3,0
40.7428,-73.9887,3,0
40.7406,-73.9893,3,0
40.7385,-73.99,3,0
40.7372,-73.9886,3,0
40.7354,-73.99,3,0
40.734,-73.9909,3,0
40.7317,-73.9915,3,0
40.7301,-73.9911,3,0
40.7284,-73.9908,3,0
40.7274,-73.9885,3,0
40.7262,-73.9894,2,2
40.7252,-73.9871,2,0
40.7236,-73.9853,2,0
40.7219,-73.9855,2,0
40.7218,-73.9846,2,0
40.7222,-73.9863,2,0
40.7198,-73.9875,2,0
40.7177,-73.9887,2,0
40.7156,-73.9897,2,0
40.7141,-73.9902,2,0
40.7128,-73.9885,1,2
40.7127,-73.99,1,0
40.7124,-73.9938,1,0
40.7121,-73.9969,1,0
40.7118,-73.9997,1,0
40.7101,-74.0012,1,0
40.7106,-74.0031,1,0
40.7097,-74.0048,1,0
40.7096,-74.0064,1,0
40.7109,-74.0091,1,0
40.7092,-74.0105,1,0
40.7097,-74.0128,1,0
40.7091,-74.014,1,0
40.7098,-74.015,0,2
40.711,-74.0144,0,0
40.7137,-74.0137,0,0
40.7152,-74.0132,0,0
40.7171,-74.0128,0,0
40.719,-74.0123,0,0
40.7216,-74.0118,0,0
40.7243,-74.0112,0,0
40.7262,-74.0109,0,0
40.7262,-74.0109,0,0
40.7306,-74.0104,0,0
40.7312,-74.0089,0,0
40.7318,-74.0078,0,0
40.7343,-74.0072,0,0
40.7353,-74.0049,0,0
40.7343,-74.003,2,1
40.7332,-74.003,2,0
40.7307,-74.0045,2,0
40.7286,-74.0053,2,0
40.7264,-74.0057,2,0
40.7255,-74.004,1,2
40.7246,-74.0019,1,0
40.7238,-74.0004,1,0
40.7261,-73.9984,1,0
40.7252,-73.9959,1,0
40.7266,-73.9941,1,0
40.7279,-73.9931,1,0
40.7301,-73.9911,1,0
40.7296,-73.9899,1,0
40.7286,-73.9877,1,0
40.7276,-73.9853,0,2
40.7282,-73.9849,0,0
40.7298,-73.9886,0,0
40.7306,-73.9906,0,0
40.7306,-73.9924,1,1
40.7299,-73.9897,1,0
40.731,-73.9904,1,0
40.7328,-73.99,1,0
40.7348,-73.9907,1,0
40.7344,-73.9899,3,1
40.7347,-73.9883,3,0
40.7299,-73.9897,1,2
40.731,-73.9904,1,0
40.7328,-73.99,1,0
40.7348,-73.9907,1,0
40.7344,-73.9899,3,1
40.7347,-73.9883,3,0
40.7346,-73.9862,3,0
40.7358,-73.9854,3,0
40.7348,-73.9831,3,0
40.735,-73.9799,2,2
40.7369,-73.9785,2,0
40.7382,-73.9776,2,0
40.7392,-73.98,2,0
40.7407,-73.9818,2,0
40.7426,-73.9804,1,2
40.7444,-73.979,1,0
40.7464,-73.9776,1,0
40.7482,-73.9762,1,0
40.7501,-73.9749,1,0
40.7521,-73.9735,1,0
40.7539,-73.9721,1,0
40.7546,-73.9716,1,0
40.7536,-73.9694,1,0
40.7539,-73.9661,1,0
40.7557,-73.9648,1,0
40.7564,-73.9643,1,0
40.7567,-73.9612,1,0
40.7587,-73.9597,1,0
40.7605,-73.9584,1,0
40.7609,-73.9573,1,0
40.7593,-73.9582,0,2
40.7593,-73.9582,0,0
40.7593,-73.9582,0,0
40.7552,-73.9618,0,0
40.7529,-73.964,0,0
40.7529,-73.964,0,0
40.7529,-73.964,0,0
40.7478,-73.9684,0,0
40.7458,-73.9704,0,0
40.7457,-73.9721,0,0
40.7461,-73.9749,0,0
40.746,-73.9768,0,0
40.7471,-73.9792,0,0
40.7451,-73.9807,0,0
40.7452,-73.9828,0,0
40.7433,-73.9841,0,0
40.7415,-73.9855,0,0
40.7402,-73.9863,2,1
40.7421,-73.9849,2,0
40.7593,-73.9582,0,2
40.7593,-73.9582,0,0
40.7593,-73.9582,0,0
40.7552,-73.9618,0,0
40.7529,-73.964,0,0
40.7529,-73.964,0,0
40.7529,-73.964,0,0
40.7478,-73.9684,0,0
40.7458,-73.9704,0,0
40.7457,-73.9721,0,0
40.7461,-73.9749,0,0
40.746,-73.9768,0,0
40.7471,-73.9792,0,0
40.7451,-73.9807,0,0
40.7452,-73.9828,0,0
40.7593,-73.9582,0,0
40.7593,-73.9582,0,0
40.7593,-73.9582,0,0
40.7552,-73.9618,0,0
40.7529,-73.964,0,0
40.7529,-73.964,0,0
40.7529,-73.964,0,0
40.7478,-73.9684,0,0
40.7458,-73.9704,0,0
40.7457,-73.9721,0,0
40.7461,-73.9749,0,0
40.746,-73.9768,0,0
40.7471,-73.9792,0,0
40.7451,-73.9807,0,0
40.7452,-73.9828,0,0
40.7433,-73.9841,0,0
40.7415,-73.9855,0,0
40.7402,-73.9863,2,1
40.7421,-73.9849,2,0
40.7439,-73.9836,2,0
40.7458,-73.9822,2,0
40.7471,-73.9813,2,0
40.7457,-73.9781,2,0
40.7464,-73.9776,1,2
40.7482,-73.9762,1,0
40.7501,-73.9749,1,0
40.7521,-73.9735,1,0
40.7539,-73.9721,1,0
40.7558,-73.9707,2,1
40.7577,-73.9694,2,0
40.7596,-73.968,2,0
40.7616,-73.9666,2,0
40.7634,-73.9652,2,0
40.7653,-73.9638,2,0
40.7644,-73.9616,1,2
40.7631,-73.9625,1,0
40.7647,-73.9643,1,0
40.7666,-73.9629,1,0
40.7685,-73.9615,1,0
40.7704,-73.9601,1,0
40.7723,-73.9587,1,0
40.7743,-73.9573,1,0
40.7762,-73.9559,1,0
40.7781,-73.9545,1,0
40.7801,-73.953,1,0
40.782,-73.9517,1,0
40.7839,-73.9503,1,0
40.7859,-73.9488,1,0
40.7865,-73.9484,0,2
40.7548,-73.9879,0,0
40.7529,-73.9892,0,0
40.7517,-73.9901,0,0
40.7535,-73.9925,1,1
40.7535,-73.9925,1,0
40.7514,-73.9877,1,0
40.7511,-73.9868,1,0
40.7497,-73.9836,1,0
40.7503,-73.9811,1,0
40.7515,-73.9802,0,2
40.7528,-73.9793,0,0
40.7547,-73.9779,0,0
40.756,-73.977,0,0
40.756,-73.979,1,1
40.756,-73.977,1,0
40.7554,-73.9795,1,0
40.7535,-73.9809,1,0
40.7865,-73.9484,0,0
40.7871,-73.9479,0,0
40.7866,-73.9504,0,0
40.7846,-73.9519,0,0
40.7827,-73.9533,0,0
40.7814,-73.9542,0,0
40.7809,-73.9568,0,0
40.7789,-73.9583,0,0
40.777,-73.9597,0,0
40.775,-73.9611,0,0
40.7731,-73.9625,0,0
40.7711,-73.9639,0,0
40.7692,-73.9653,0,0
40.7673,-73.9667,0,0
40.7655,-73.9681,0,0
40.7636,-73.9694,0,0
40.7623,-73.9704,0,0
40.7623,-73.9724,0,0
40.7617,-73.9749,0,0
40.7598,-73.9763,0,0
40.7585,-73.9772,0,0
40.7585,-73.9751,0,0
40.7579,-73.9777,0,0
40.7579,-73.9777,0,0
40.7599,-73.9804,2,1
40.7585,-73.9772,2,0
40.7567,-73.9786,2,0
40.7548,-73.9799,2,0
40.7535,-73.9809,2,0
40.7521,-73.9798,2,0
40.7514,-73.978,2,0
40.7501,-73.9749,2,0
40.7485,-73.9731,1,2
40.7467,-73.9745,1,0
40.7458,-73.9743,1,0
40.7444,-73.9713,1,0
40.7428,-73.9725,1,0
40.7407,-73.9729,0,2
40.7407,-73.9729,0,0
40.737,-73.9749,0,0
40.737,-73.9749,0,0
40.7382,-73.9776,0,0
40.7379,-73.9809,0,0
40.736,-73.9823,0,0
40.7343,-73.9836,0,0
40.7323,-73.9849,0,0
40.7304,-73.9864,0,0
40.7286,-73.9877,0,0
40.7282,-73.9849,1,1
40.7292,-73.9872,1,0
40.7301,-73.9895,1,0
40.7313,-73.9886,1,0
40.7335,-73.9899,1,0
40.734,-73.9888,1,0
40.7333,-73.9872,1,0
40.7333,-73.9872,2,1
40.7344,-73.9899,2,0
40.7365,-73.9889,2,0
40.7383,-73.9877,2,0
40.7402,-73.9864,2,0
40.7409,-73.988,2,0
40.7416,-73.9896,2,0
40.7436,-73.9923,2,0
40.7454,-73.991,1,2
40.7473,-73.9896,1,0
40.7491,-73.9882,1,0
40.7511,-73.9868,1,0
40.7529,-73.9855,1,0
40.7542,-73.9846,1,0
40.7543,-73.9869,1,0
40.7542,-73.9846,1,0
40.7561,-73.9832,1,0
40.7574,-73.9823,0,2
40.7586,-73.9813,0,0
40.7593,-73.9809,0,0
40.7608,-73.9845,0,0
40.7617,-73.9866,0,0
40.7622,-73.9899,0,0
40.7604,-73.9912,1,1
40.7584,-73.9926,1,0
40.7584,-73.9926,1,0
40.7572,-73.9898,1,0
40.756,-73.9869,0,2
40.7561,-73.9832,1,0
40.7574,-73.9823,0,2
40.7586,-73.9813,0,0
40.7593,-73.9809,0,0
40.7608,-73.9845,0,0
40.7617,-73.9866,0,0
40.7622,-73.9899,0,0
40.7604,-73.9912,1,1
40.7584,-73.9926,1,0
40.7584,-73.9926,1,0
40.7572,-73.9898,1,0
40.756,-73.9869,0,2
40.7548,-73.9879,0,0
40.7529,-73.9892,0,0
40.7517,-73.9901,0,0
40.7535,-73.9925,1,1
40.7535,-73.9925,1,0
40.7514,-73.9877,1,0
40.7511,-73.9868,1,0
40.7497,-73.9836,1,0
40.7503,-73.9811,1,0
40.7515,-73.9802,0,2
40.7503,-73.9792,0,0
40.7508,-73.9786,0,0
40.7508,-73.9786,0,0
40.7508,-73.9786,0,0
40.7556,-73.9761,0,0
40.7537,-73.9774,0,0
40.7535,-73.9788,0,0
40.7535,-73.9809,1,1
40.7535,-73.9788,1,0
40.7554,-73.9774,1,0
40.7572,-73.976,1,0
40.7591,-73.9747,1,0
40.7604,-73.9738,1,0
40.7609,-73.9711,1,0
40.7629,-73.9697,1,0
40.7647,-73.9683,1,0
40.7666,-73.9669,1,0
40.7685,-73.9656,1,0
40.7535,-73.9788,1,0
40.7554,-73.9774,1,0
40.7572,-73.976,1,0
40.7591,-73.9747,1,0
40.7604,-73.9738,1,0
40.7609,-73.9711,1,0
40.7629,-73.9697,1,0
40.7535,-73.9788,1,0
40.7554,-73.9774,1,0
40.7572,-73.976,1,0
40.7591,-73.9747,1,0
40.7604,-73.9738,1,0
40.7609,-73.9711,1,0
40.7629,-73.9697,1,0
40.7647,-73.9683,1,0
40.7666,-73.9669,1,0
40.7685,-73.9656,1,0
40.7704,-73.9642,1,0
40.7724,-73.9627,1,0
40.7743,-73.9613,1,0
40.7763,-73.9599,1,0
40.7782,-73.9585,1,0
40.7801,-73.9571,1,0
40.7814,-73.9561,1,0
40.7833,-73.9547,1,0
40.7852,-73.9534,1,0
40.7839,-73.9503,1,0
40.7859,-73.9488,1,0
40.7878,-73.9475,1,0
40.7896,-73.9461,1,0
40.7909,-73.9452,1,0
40.7929,-73.9437,1,0
40.7948,-73.9423,1,0
40.7954,-73.9419,1,0
40.7986,-73.9395,1,0
40.7993,-73.9391,1,0
40.7973,-73.9345,1,0
40.7964,-73.9322,1,0
40.7958,-73.931,0,2
40.7958,-73.931,0,0
40.7958,-73.931,0,0
40.7958,-73.931,0,0
40.7958,-73.931,0,0
40.7958,-73.931,0,0
40.7958,-73.931,0,0
40.7958,-73.931,0,0
40.7964,-73.9322,1,1
40.7958,-73.931,0,2
40.7958,-73.931,0,0
40.7958,-73.931,0,0
40.7958,-73.931,0,0
40.7958,-73.931,0,0
40.7958,-73.931,0,0
40.7958,-73.931,0,0
40.7958,-73.931,0,0
40.7958,-73.931,0,0
40.7957,-73.9327,0,0
40.7951,-73.9332,0,0
40.7951,-73.9332,0,0
40.7945,-73.9318,0,0
40.7938,-73.9322,0,0
40.7938,-73.9322,0,0
40.7904,-73.9367,0,0
40.7904,-73.9367,0,0
40.7904,-73.9367,0,0
40.7846,-73.942,0,0
40.783,-73.944,0,0
40.7832,-73.9447,0,0
40.7829,-73.948,0,0
40.7811,-73.9494,1,1
40.7792,-73.9508,1,0
40.7772,-73.9522,1,0
40.7753,-73.9536,1,0
40.7733,-73.955,1,0
40.7714,-73.9565,1,0
40.7695,-73.9579,1,0
40.7675,-73.9593,1,0
40.7656,-73.9607,1,0
40.7637,-73.9621,1,0
40.7619,-73.9634,1,0
40.76,-73.9648,1,0
40.7586,-73.9658,1,0
40.7568,-73.9672,1,0
40.7549,-73.9685,1,0
40.753,-73.9699,1,0
40.7511,-73.9713,1,0
40.7492,-73.9727,1,0
40.7473,-73.974,1,0
40.7458,-73.9743,1,0
40.7444,-73.9713,1,0
40.7428,-73.9725,1,0
40.7404,-73.9731,1,0
40.7403,-73.9731,1,0
40.7374,-73.9745,1,0
40.7374,-73.9745,1,0
40.7374,-73.9745,1,0
40.7374,-73.9745,1,0
40.7296,-73.9722,1,0
40.7296,-73.9722,1,0
40.7296,-73.9722,1,0
40.7296,-73.9722,1,0
40.7211,-73.9747,1,0
40.7188,-73.9751,1,0
40.7165,-73.9757,1,0
40.7154,-73.9763,0,2
40.7154,-73.9763,1,1
40.7138,-73.9794,1,0
40.7154,-73.9792,1,0
40.7165,-73.9806,1,0
40.7175,-73.98,1,0
40.7207,-73.9782,1,0
40.7225,-73.9769,1,0
40.7243,-73.9756,1,0
40.7138,-73.9794,1,0
40.7154,-73.9792,1,0
40.7165,-73.9806,1,0
40.7175,-73.98,1,0
40.7207,-73.9782,1,0
40.7225,-73.9769,1,0
40.7243,-73.9756,1,0
40.7261,-73.9743,1,0
40.7268,-73.9738,1,0
40.7291,-73.9752,1,0
40.7312,-73.974,1,0
40.7327,-73.9745,1,0
40.7354,-73.9748,1,0
40.7372,-73.9742,1,0
40.7372,-73.9742,1,0
40.74,-73.9727,1,0
40.7432,-73.9721,1,0
40.7444,-73.973,1,0
40.7457,-73.9721,1,0
40.7473,-73.9758,1,0
40.7489,-73.9758,1,0
40.7495,-73.9774,1,0
40.7509,-73.9807,1,0
40.7516,-73.9823,1,0
40.7529,-73.9855,1,0
40.7542,-73.9846,1,0
40.7554,-73.9874,1,0
40.7566,-73.9903,1,0
40.7566,-73.9903,1,0
40.759,-73.9939,1,0
40.7603,-73.995,1,0
40.7616,-73.9941,0,2
40.7622,-73.9936,1,1
40.7603,-73.995,1,0
40.7616,-73.9941,0,2
40.7622,-73.9936,1,1
40.7604,-73.9912,1,0
40.7584,-73.9926,1,0
40.7565,-73.994,1,0
40.7547,-73.9954,1,0
40.7527,-73.9968,1,0
40.7509,-73.9982,1,0
40.7496,-73.9991,1,0
40.7472,-74.0009,0,2
40.7459,-74.0019,0,0
40.7435,-74.0036,0,0
40.7429,-74.004,0,0
40.7452,-74.006,2,1
40.747,-74.0047,2,0
40.749,-74.0032,2,0
40.7508,-74.0019,2,0
40.7527,-74.0005,2,0
40.7539,-73.9996,2,0
40.7539,-73.9976,2,0
40.7547,-73.9954,2,0
40.7535,-73.9925,2,0
40.7553,-73.9912,1,2
40.7572,-73.9898,1,0
40.7585,-73.9888,1,0
40.7604,-73.9875,1,0
40.7623,-73.9861,1,0
40.7642,-73.9847,1,0
40.766,-73.9834,1,0
40.764,-73.9825,0,2
40.7621,-73.9836,2,1
40.7601,-73.9848,2,0
40.7586,-73.9851,2,0
40.7567,-73.9865,2,0
40.7548,-73.9879,2,0
40.7529,-73.9892,2,0
40.7517,-73.9901,2,0
40.7529,-73.993,2,0
40.7541,-73.9958,2,0
40.7546,-73.9972,1,2
40.7565,-73.9978,1,0
40.7583,-73.9964,1,0
40.7603,-73.995,1,0
40.7616,-73.9941,0,2
40.7616,-73.9941,0,0
40.7615,-73.9978,0,0
40.7595,-73.9992,0,0
40.7577,-74.0006,0,0
40.7558,-74.002,0,0
40.7539,-74.0034,0,0
40.752,-74.0047,0,0
40.752,-74.0047,0,0
40.7508,-74.0019,0,0
40.7484,-74,0,0
40.7465,-74.0014,0,0
40.7446,-74.0027,0,0
40.7429,-74.004,1,1
40.7429,-74.004,1,0
40.7458,-74.0055,2,1
40.7477,-74.0042,2,0
40.7496,-74.0028,2,0
40.7488,-74.001,2,0
40.7484,-74,1,2
40.7472,-73.9971,1,0
40.7454,-73.9947,1,0
40.7441,-73.9956,1,0
40.7429,-73.9928,1,0
40.7416,-73.9896,1,0
40.7397,-73.9909,1,0
40.7379,-73.9922,1,0
40.7373,-73.9927,0,2
40.7367,-73.9931,1,1
40.7387,-73.9959,1,0
40.7404,-73.9946,1,0
40.7422,-73.9933,1,0
40.7442,-73.9919,1,0
40.746,-73.9905,1,0
40.7477,-74.0042,2,1
40.7496,-74.0028,2,0
40.7488,-74.001,2,0
40.7484,-74,1,2
40.7472,-73.9971,1,0
40.7454,-73.9947,1,0
40.7441,-73.9956,1,0
40.7429,-73.9928,1,0
40.7416,-73.9896,1,0
40.7397,-73.9909,1,0
40.7379,-73.9922,1,0
40.7373,-73.9927,0,2
40.7367,-73.9931,1,1
40.7387,-73.9959,1,0
40.7404,-73.9946,1,0
40.7422,-73.9933,1,0
40.7442,-73.9919,1,0
40.746,-73.9905,1,0
40.7479,-73.9892,1,0
40.7498,-73.9877,1,0
40.7507,-73.9878,1,0
40.7517,-73.9901,1,0
40.7529,-73.993,0,2
40.7477,-74.0042,2,1
40.7496,-74.0028,2,0
40.7488,-74.001,2,0
40.7484,-74,1,2
40.7477,-74.0042,2,1
40.7496,-74.0028,2,0
40.7488,-74.001,2,0
40.7484,-74,1,2
40.7472,-73.9971,1,0
40.7454,-73.9947,1,0
40.7441,-73.9956,1,0
40.7429,-73.9928,1,0
40.7416,-73.9896,1,0
40.7397,-73.9909,1,0
40.7379,-73.9922,1,0
40.7373,-73.9927,0,2
40.7367,-73.9931,1,1
40.7387,-73.9959,1,0
40.7404,-73.9946,1,0
40.7422,-73.9933,1,0
40.7442,-73.9919,1,0
40.746,-73.9905,1,0
40.7479,-73.9892,1,0
40.7498,-73.9877,1,0
40.7507,-73.9878,1,0
40.7517,-73.9901,1,0
40.7529,-73.993,0,2
40.7529,-73.993,0,0
40.7527,-73.9968,0,0
40.7509,-73.9982,0,0
40.7496,-73.9991,0,0
40.7478,-74.0004,0,0
40.749,-74.0032,0,0
40.7502,-74.0061,0,0
40.7482,-74.0077,0,0
40.7481,-74.0078,0,0
40.7442,-74.0085,0,0
40.7441,-74.0068,0,0
40.7446,-74.0064,0,0
40.7429,-74.004,0,0
40.7441,-74.0068,1,1
40.7464,-74.0051,1,0
40.7484,-74.0037,1,0
40.7496,-74.0028,1,0
40.7484,-74,1,0
40.7472,-73.9971,1,0
40.7484,-73.9962,1,0
40.7472,-73.9934,1,0
40.7466,-73.9938,0,2
40.7454,-73.9947,0,0
40.7441,-73.9956,0,0
40.746,-73.998,1,1
40.7478,-73.9966,1,0
40.7497,-73.9953,1,0
40.7515,-73.9939,1,0
40.7522,-73.9935,1,0
40.7539,-73.9976,1,0
40.7482,-74.0077,0,2
40.7481,-74.0078,0,0
40.7442,-74.0085,0,0
40.7441,-74.0068,0,0
40.7446,-74.0064,0,0
40.7429,-74.004,0,0
40.7441,-74.0068,1,1
40.7464,-74.0051,1,0
40.7484,-74.0037,1,0
40.7496,-74.0028,1,0
40.7484,-74,1,0
40.7472,-73.9971,1,0
40.7484,-73.9962,1,0
40.7472,-73.9934,1,0
40.7466,-73.9938,0,2
40.7454,-73.9947,0,0
40.7441,-73.9956,0,0
40.746,-73.998,1,1
40.7478,-73.9966,1,0
40.7497,-73.9953,1,0
40.7515,-73.9939,1,0
40.7522,-73.9935,1,0
40.7539,-73.9976,1,0
40.7553,-73.9987,1,0
40.7559,-73.9982,0,2
40.7571,-73.9973,0,0
40.7583,-73.9964,0,0
40.7571,-73.9936,0,0
40.7559,-73.9907,0,0
40.7566,-73.9903,0,0
40.7565,-73.994,0,0
40.7547,-73.9954,0,0
40.7527,-73.9968,0,0
40.7509,-73.9982,0,0
40.7565,-73.994,0,0
40.7565,-73.994,0,0
40.7547,-73.9954,0,0
40.7527,-73.9968,0,0
40.7509,-73.9982,0,0
40.7503,-73.9986,0,0
40.7519,-74.0007,0,0
40.7509,-73.9982,0,0
40.7509,-73.9982,0,0
40.7503,-73.9948,1,1
40.7522,-73.9935,2,1
40.751,-73.9906,2,0
40.7498,-73.9877,2,0
40.7517,-73.9864,2,0
40.7536,-73.985,2,0
40.7565,-73.994,0,2
40.7547,-73.9954,0,0
40.7527,-73.9968,0,0
40.7509,-73.9982,0,0
40.7496,-73.9991,0,0
40.7484,-74,0,0
40.7472,-73.9971,0,0
40.7454,-73.9947,0,0
40.7434,-73.9961,0,0
40.7416,-73.9974,0,0
40.7565,-73.994,0,0
40.7547,-73.9954,0,0
40.7527,-73.9968,0,0
40.7509,-73.9982,0,0
40.7503,-73.9986,0,0
40.7519,-74.0007,0,0
40.7509,-73.9982,0,0
40.7509,-73.9982,0,0
40.7503,-73.9948,1,1
40.7522,-73.9935,2,1
40.751,-73.9906,2,0
40.7498,-73.9877,2,0
40.7517,-73.9864,2,0
40.7536,-73.985,2,0
40.7555,-73.9836,2,0
40.7574,-73.9823,2,0
40.7593,-73.9809,2,0
40.7611,-73.9795,2,0
40.7618,-73.9791,2,0
40.7623,-73.9824,1,2
40.7611,-73.9795,1,0
40.7624,-73.9786,1,0
40.761,-73.9754,1,0
40.7604,-73.9738,1,0
40.7609,-73.9711,1,0
40.7629,-73.9697,1,0
40.7647,-73.9683,1,0
40.7666,-73.9669,1,0
40.766,-73.9654,1,0
40.7653,-73.9638,1,0
40.7644,-73.9616,1,0
40.7646,-73.9583,1,0
40.7643,-73.9556,1,0
40.7656,-73.9547,1,0
40.7646,-73.9525,0,2
40.7656,-73.9547,0,0
40.7644,-73.9616,1,1
40.7646,-73.9583,1,0
40.7643,-73.9556,1,0
40.7656,-73.9547,1,0
40.7646,-73.9525,0,2
40.7656,-73.9547,0,0
40.7637,-73.9561,0,0
40.7618,-73.9575,0,0
40.7609,-73.9573,0,0
40.7644,-73.9616,1,1
40.7644,-73.9616,1,0
40.7646,-73.9583,1,0
40.7643,-73.9556,1,0
40.7656,-73.9547,1,0
40.7646,-73.9525,0,2
40.7656,-73.9547,0,0
40.7637,-73.9561,0,0
40.7618,-73.9575,0,0
40.7609,-73.9573,0,0
40.7593,-73.9582,0,0
40.7593,-73.9582,0,0
40.7552,-73.9618,0,0
40.7552,-73.9618,0,0
40.7529,-73.964,0,0
40.7529,-73.964,0,0
40.7529,-73.964,0,0
40.7469,-73.9693,0,0
40.7445,-73.9712,0,0
40.7444,-73.973,1,1
40.7463,-73.9717,1,0
40.748,-73.9705,1,0
40.748,-73.9705,1,0
40.748,-73.9705,1,0
40.7539,-73.9661,1,0
40.7557,-73.9648,1,0
40.7576,-73.9634,1,0
40.759,-73.9624,1,0
40.7609,-73.9611,1,0
40.7627,-73.9597,1,0
40.7646,-73.9583,1,0
40.7665,-73.9569,1,0
40.7685,-73.9555,1,0
40.7704,-73.9541,1,0
40.7723,-73.9527,1,0
40.7743,-73.9513,1,0
40.7762,-73.9499,1,0
40.7782,-73.9484,1,0
40.7801,-73.9471,1,0
40.7819,-73.9457,1,0
40.7832,-73.9447,1,0
40.7852,-73.9433,1,0
40.7871,-73.9419,1,0
40.7889,-73.9406,1,0
40.7909,-73.9391,1,0
40.7928,-73.9377,1,0
40.7947,-73.9364,1,0
40.7967,-73.9349,1,0
40.7973,-73.9345,1,0
40.7958,-73.931,0,2
40.7958,-73.931,0,0
40.7958,-73.931,0,0
40.7958,-73.931,0,0
40.7958,-73.931,0,0
40.7958,-73.931,0,0
40.7957,-73.9327,0,0
40.7945,-73.9318,0,0
40.7938,-73.9322,0,0
40.7938,-73.9322,0,0
40.7904,-73.9367,0,0
40.7904,-73.9367,0,0
40.7904,-73.9367,0,0
40.7846,-73.942,0,0
40.7837,-73.9435,0,0
40.7829,-73.9441,0,0
40.7791,-73.9448,0,0
40.7772,-73.9462,0,0
40.7759,-73.9471,0,0
40.774,-73.9485,2,1
40.7721,-73.9499,2,0
40.7701,-73.9514,2,0
40.7682,-73.9528,2,0
40.7662,-73.9542,2,0
40.7643,-73.9556,2,0
40.7624,-73.957,2,0
40.7605,-73.9584,2,0
40.7587,-73.9597,2,0
40.7567,-73.9612,2,0
40.7554,-73.9621,2,0
40.7557,-73.9648,2,0
40.7568,-73.9672,2,0
40.7549,-73.9685,2,0
40.753,-73.9699,2,0
40.7539,-73.9721,2,0
40.7553,-73.9752,1,2
40.7547,-73.9759,1,0
40.7547,-73.9759,1,0
40.7506,-73.9789,1,0
40.749,-73.98,1,0
40.7471,-73.9814,1,0
40.7464,-73.9818,0,2
40.7465,-73.9819,0,0
40.7446,-73.9832,0,0
40.7427,-73.9846,0,0
40.7409,-73.9859,0,0
40.7389,-73.9874,0,0
40.7371,-73.9885,0,0
40.7359,-73.9874,0,0
40.734,-73.9888,0,0
40.734,-73.9888,0,0
40.7326,-73.9877,0,0
40.7307,-73.9891,0,0
40.7299,-73.9886,1,1
40.7298,-73.9868,1,0
40.73,-73.9835,1,0
40.7307,-73.9831,1,0
40.7317,-73.9854,1,0
40.734,-73.9867,1,0
40.7358,-73.9854,1,0
40.7375,-73.9841,2,1
40.7395,-73.9827,2,0
40.7407,-73.9818,2,0
40.7392,-73.9782,2,0
40.7388,-73.9771,2,0
40.7413,-73.9753,1,2
40.7431,-73.974,1,0
40.7451,-73.9726,1,0
40.7465,-73.9819,0,2
40.7446,-73.9832,0,0
40.7427,-73.9846,0,0
40.7409,-73.9859,0,0
40.7389,-73.9874,0,0
40.7371,-73.9885,0,0
40.7359,-73.9874,0,0
40.734,-73.9888,0,0
40.734,-73.9888,0,0
40.7326,-73.9877,0,0
40.7307,-73.9891,0,0
40.7299,-73.9886,1,1
40.7298,-73.9868,1,0
40.73,-73.9835,1,0
40.7307,-73.9831,1,0
40.7317,-73.9854,1,0
40.734,-73.9867,1,0
40.7358,-73.9854,1,0
40.7375,-73.9841,2,1
40.7395,-73.9827,2,0
40.7407,-73.9818,2,0
40.7392,-73.9782,2,0
40.7388,-73.9771,2,0
40.7413,-73.9753,1,2
40.7431,-73.974,1,0
40.7451,-73.9726,1,0
40.7469,-73.9712,1,0
40.7489,-73.97,1,0
40.7508,-73.9684,1,0
40.752,-73.9677,1,0
40.753,-73.9699,1,0
40.753,-73.9699,1,0
40.7552,-73.9712,1,0
40.7564,-73.9703,1,0
40.7579,-73.9736,1,0
40.7585,-73.9751,1,0
40.7592,-73.9767,1,0
40.7605,-73.98,0,2
40.7605,-73.98,0,0
40.7605,-73.9837,0,0
40.7586,-73.9851,0,0
40.7567,-73.9865,0,0
40.756,-73.9869,0,0
40.7572,-73.9898,0,0
40.7578,-73.9931,0,0
40.7571,-73.9936,1,1
40.7559,-73.9907,1,0
40.7541,-73.9883,1,0
40.7541,-73.9883,1,0
40.7559,-73.9907,3,1
40.7543,-73.9869,3,0
40.7536,-73.985,3,0
40.7536,-73.985,3,0
40.7515,-73.9802,3,0
40.7514,-73.978,2,2
40.7508,-73.9765,2,0
40.7514,-73.9739,2,0
40.7521,-73.9735,2,0
40.7498,-73.9722,1,2
40.7479,-73.9736,1,0
40.7461,-73.9749,1,0
40.7441,-73.9764,1,0
40.7423,-73.9777,1,0
40.7404,-73.9791,1,0
40.7392,-73.9782,1,0
40.7402,-73.9761,1,0
40.7406,-73.9758,0,2
40.7413,-73.9753,0,0
40.7438,-73.9735,0,0
40.7452,-73.9747,0,0
40.7445,-73.9752,0,0
40.7438,-73.9735,0,0
40.7441,-73.9764,0,0
40.7429,-73.9773,0,0
40.7445,-73.9811,2,1
40.7458,-73.9822,2,0
40.7464,-73.9818,2,0
40.7464,-73.9818,2,0
40.7508,-73.9785,1,2
40.7495,-73.9774,1,0
40.7509,-73.9807,1,0
40.7516,-73.9823,1,0
40.7529,-73.9855,1,0
40.7548,-73.9841,0,2
40.7558,-73.9864,0,0
40.7554,-73.9874,0,0
40.7566,-73.9903,2,1
40.7585,-73.9888,2,0
40.7604,-73.9875,2,0
40.7623,-73.9861,2,0
40.7642,-73.9847,2,0
40.766,-73.9834,2,0
40.7647,-73.9822,1,2
40.7667,-73.9829,1,0
40.7667,-73.9829,1,0
40.7679,-73.9857,1,0
40.7691,-73.9886,1,0
40.7679,-73.9857,1,0
40.7667,-73.9829,1,0
40.7684,-73.9818,1,0
40.7677,-73.9819,1,0
40.7667,-73.9829,1,0
40.7663,-73.9818,1,0
40.7655,-73.98,1,0
40.7636,-73.9814,1,0
40.7617,-73.9828,1,0
40.7598,-73.9842,1,0
40.758,-73.9855,1,0
40.756,-73.9869,1,0
40.7541,-73.9883,1,0
40.7523,-73.9897,1,0
40.7503,-73.9911,3,1
40.7497,-73.9916,3,0
40.7476,-73.9883,3,0
40.7453,-73.9887,3,0
40.7447,-73.9873,3,0
40.7433,-73.9841,2,2
40.7415,-73.9855,2,0
40.7395,-73.9869,2,0
40.7378,-73.9882,2,0
40.736,-73.9895,2,0
40.734,-73.9909,2,0
40.7324,-73.9913,2,0
40.7301,-73.9928,1,2
40.7284,-73.9943,1,0
40.7282,-73.9956,1,0
40.7259,-73.9976,1,0
40.7265,-73.9992,1,0
40.7242,-74.0011,1,0
40.7233,-74.003,1,0
40.7238,-74.0061,1,0
40.7218,-74.0064,1,0
40.7198,-74.0068,1,0
40.72,-74.0086,1,0
40.7193,-74.0087,0,2
40.7213,-74.0083,0,0
40.7233,-74.008,0,0
40.7252,-74.0077,0,0
40.7257,-74.0057,0,0
40.7262,-74.0037,0,0
40.7284,-74.0031,2,1
40.7279,-74.0054,2,0
40.7257,-74.0059,2,0
40.7238,-74.0061,2,0
40.7218,-74.0064,2,0
40.7198,-74.0068,2,0
40.7177,-74.0075,2,0
40.7171,-74.0062,2,0
40.7147,-74.0059,1,2
40.713,-74.0072,1,0
40.7114,-74.0086,1,0
40.7092,-74.0105,1,0
40.7086,-74.0094,0,2
40.7098,-74.01,0,0
40.7115,-74.0105,0,0
40.7133,-74.0093,0,0
40.7149,-74.0079,0,0
40.7163,-74.0109,0,0
40.7173,-74.013,0,0
40.717,-74.0143,1,1
40.7171,-74.0128,1,0
40.7203,-74.012,1,0
40.7223,-74.0116,1,0
40.7243,-74.0112,1,0
40.7262,-74.0109,1,0
40.7267,-74.009,1,0
40.7289,-74.0086,1,0
40.7304,-74.0091,2,1
40.7303,-74.0082,2,0
40.7329,-74.0075,2,0
40.735,-74.007,2,0
40.7365,-74.0058,2,0
40.7381,-74.0041,2,0
40.7397,-74.0025,2,0
40.7417,-74.0011,2,0
40.7434,-73.9999,2,0
40.7453,-73.9985,2,0
40.7472,-73.9971,2,0
40.7491,-73.9958,2,0
40.7503,-73.9948,2,0
40.7508,-73.9922,4,1
40.7522,-73.9935,4,0
40.7541,-73.9921,4,0
40.7559,-73.9907,4,0
40.7579,-73.9893,4,0
40.7598,-73.9879,4,0
40.7617,-73.9866,3,2
40.7635,-73.9852,3,0
40.7654,-73.9838,3,0
40.7655,-73.982,3,0
40.7648,-73.9805,3,0
40.7636,-73.9777,3,0
40.7623,-73.9745,3,0
40.761,-73.9754,2,2
40.7616,-73.9729,2,0
40.7609,-73.9711,1,2
40.7623,-73.9724,1,0
40.7642,-73.971,1,0
40.7661,-73.9696,1,0
40.768,-73.9682,1,0
40.7698,-73.9669,1,0
40.7718,-73.9654,1,0
40.7737,-73.964,1,0
40.7756,-73.9626,1,0
40.7776,-73.9612,1,0
40.7795,-73.9598,1,0
40.7815,-73.9583,1,0
40.7834,-73.9569,1,0
40.7853,-73.9556,1,0
40.7872,-73.9542,1,0
40.7885,-73.9532,1,0
40.7904,-73.9518,1,0
40.7911,-73.9534,0,2
40.7911,-73.9534,0,0
40.7879,-73.9558,0,0
40.786,-73.9572,1,1
40.7841,-73.9585,2,1
40.7834,-73.9569,2,0
40.7815,-73.9564,2,0
40.7795,-73.9578,2,0
40.7801,-73.9571,2,0
40.7795,-73.9556,4,1
40.7789,-73.9583,4,0
40.777,-73.9597,4,0
40.775,-73.9611,4,0
40.7731,-73.9625,4,0
40.7718,-73.9634,4,0
40.7699,-73.9649,4,0
40.768,-73.9663,4,0
40.7661,-73.9676,4,0
40.7661,-73.9696,4,0
40.7655,-73.9721,3,2
40.7637,-73.9735,3,0
40.7623,-73.9745,3,0
40.7604,-73.9758,3,0
40.7585,-73.9772,2,2
40.7573,-73.9781,1,2
40.7559,-73.9748,2,1
40.7578,-73.9734,1,2
40.7596,-73.9721,1,0
40.7616,-73.9707,1,0
40.7635,-73.9692,1,0
40.7654,-73.9679,1,0
40.7673,-73.9667,2,1
40.766,-73.9654,2,0
40.7641,-73.9668,4,1
40.7622,-73.9682,3,2
40.7622,-73.9661,3,0
40.7641,-73.9648,3,0
40.7653,-73.9638,3,0
40.7644,-73.9616,3,0
40.764,-73.9588,3,0
40.7652,-73.9579,3,0
40.7649,-73.9552,3,0
40.7669,-73.9538,3,0
40.7662,-73.9542,1,2
40.7643,-73.9556,0,2
40.763,-73.9565,0,0
40.7637,-73.9561,0,0
40.7637,-73.9561,0,0
40.7646,-73.9583,1,1
40.7656,-73.9607,1,0
40.7678,-73.962,2,1
40.7691,-73.9611,2,0
40.7705,-73.9644,2,0
40.7718,-73.9654,2,0
40.7737,-73.964,1,2
40.7756,-73.9626,1,0
40.7776,-73.9612,1,0
40.7775,-73.9589,1,0
40.7776,-73.9592,1,0
40.7776,-73.9612,1,0
40.7795,-73.9598,1,0
40.7815,-73.9583,1,0
40.7814,-73.9561,1,0
40.7833,-73.9547,1,0
40.7852,-73.9534,1,0
40.7873,-73.9522,1,0
40.7879,-73.9537,0,2
40.7879,-73.9517,0,0
40.7866,-73.9527,0,0
40.7847,-73.9541,1,1
40.7827,-73.9552,2,1
40.7821,-73.9537,2,0
40.7804,-73.9499,3,1
40.7785,-73.9512,3,0
40.7772,-73.9522,3,0
40.7753,-73.9536,3,0
40.7733,-73.955,2,2
40.7714,-73.9565,2,0
40.7717,-73.9592,2,0
40.7724,-73.9608,2,0
40.7725,-73.963,2,0
40.7705,-73.9644,3,1
40.7686,-73.9658,3,0
40.7667,-73.9672,3,0
40.7648,-73.9685,3,0
40.763,-73.9699,3,0
40.761,-73.9714,3,0
40.7604,-73.9718,1,2
40.7591,-73.9727,1,0
40.7604,-73.9738,1,0
40.7585,-73.9732,1,0
40.7566,-73.9745,1,0
40.7547,-73.9759,1,0
40.7547,-73.9759,1,0
40.7547,-73.9759,1,0
40.7496,-73.9796,1,0
40.7478,-73.9809,1,0
40.7477,-73.9808,1,0
40.7484,-73.9805,1,0
40.7471,-73.9813,1,0
40.7451,-73.9807,1,0
40.7433,-73.982,2,1
40.742,-73.9829,2,0
40.7415,-73.9855,2,0
40.7395,-73.9869,2,0
40.7378,-73.9882,2,0
40.736,-73.9895,2,0
40.734,-73.9909,2,0
40.7317,-73.9915,2,0
40.7301,-73.9928,2,0
40.7284,-73.9943,2,0
40.7265,-73.9958,2,0
40.7254,-73.9968,2,0
40.723,-73.9988,2,0
40.7218,-73.9999,2,0
40.7194,-74.0019,2,0
40.718,-74.003,2,0
40.7158,-74.005,2,0
40.7142,-74.0063,2,0
40.713,-74.0072,2,0
40.7144,-74.0101,2,0
40.7152,-74.0132,2,0
40.7153,-74.0135,1,2