40.7238,-74.0079,0,0
40.7238,-74.0079,0,0
40.7238,-74.0079,0,0
40.7238,-74.0079,0,0
40.7238,-74.0079,0,0
40.7259,-74.0076,1,1
40.7273,-74.0073,1,0
40.7295,-74.007,1,0
40.7299,-74.004,1,0
40.7311,-74.0014,1,0
40.7323,-74.0005,1,0
40.7304,-74.0001,2,1
40.7317,-74.001,2,0
40.7337,-73.9995,2,0
40.7354,-73.9983,2,0
40.7374,-73.9968,2,0
40.7393,-73.9954,2,0
40.7416,-73.9937,2,0
40.7429,-73.9928,2,0
40.7416,-73.9896,2,0
40.7415,-73.9875,2,0
40.7434,-73.9861,2,0
40.7452,-73.9848,1,2
40.7471,-73.9834,2,1
40.7491,-73.982,2,0
40.7509,-73.9807,2,0
40.7521,-73.9798,2,0
40.7541,-73.9783,2,0
40.7547,-73.9759,2,0
40.7556,-73.9761,3,1
40.7572,-73.976,3,0
40.7591,-73.9747,3,0
40.7604,-73.9738,3,0
40.7609,-73.9711,3,0
40.7629,-73.9697,3,0
40.7647,-73.9683,3,0
40.7666,-73.9669,3,0
40.7685,-73.9656,3,0
40.7704,-73.9642,3,0
40.7724,-73.9627,3,0
40.7743,-73.9613,3,0
40.7763,-73.9599,3,0
40.7782,-73.9585,3,0
40.7782,-73.9565,3,0
40.7775,-73.9549,2,2
40.7759,-73.9532,1,2
40.7753,-73.9536,1,0
40.7743,-73.9513,1,0
40.7727,-73.9495,0,2
40.7714,-73.9504,0,0
40.7695,-73.9519,0,0
40.7675,-73.9532,0,0
40.7656,-73.9547,0,0
40.7649,-73.9552,1,1
40.763,-73.9565,1,0
40.7612,-73.9579,1,0
40.7609,-73.9573,1,0
40.7593,-73.9582,1,0
40.7593,-73.9582,1,0
40.7552,-73.9618,1,0
40.7529,-73.964,0,2
40.7525,-73.9649,1,1
40.7545,-73.9657,1,0
40.7564,-73.9643,1,0
40.7554,-73.9621,1,0
40.7557,-73.9648,1,0
40.7564,-73.9643,1,0
40.7567,-73.9612,1,0
40.7587,-73.9597,1,0
40.7605,-73.9584,1,0
40.7609,-73.9573,1,0
40.7593,-73.9582,0,2
40.7593,-73.9582,0,0
40.7593,-73.9582,0,0
40.7549,-73.9629,0,0
40.7564,-73.9643,0,0
40.7576,-73.9634,0,0
40.7593,-73.9653,0,0
40.758,-73.9662,0,0
40.7561,-73.9676,1,1
40.7564,-73.9703,1,0
40.7565,-73.9724,1,0
40.7564,-73.9703,1,0
40.7565,-73.9724,1,0
40.7546,-73.9737,1,0
40.7533,-73.9726,1,0
40.7552,-73.9712,1,0
40.7571,-73.9698,1,0
40.759,-73.9685,1,0
40.761,-73.967,1,0
40.7628,-73.9657,1,0
40.7647,-73.9643,1,0
40.7666,-73.9629,1,0
40.7685,-73.9615,1,0
40.7697,-73.9606,1,0
40.7717,-73.9592,1,0
40.7736,-73.9578,1,0
40.7756,-73.9563,1,0
40.7775,-73.9549,1,0
40.7795,-73.9535,1,0
40.7814,-73.9521,1,0
40.7833,-73.9508,1,0
40.7852,-73.9493,1,0
40.7871,-73.9479,1,0
40.789,-73.9465,1,0
40.7909,-73.9452,1,0
40.7922,-73.9442,1,0
40.7929,-73.9437,0,2
40.7929,-73.9437,0,0
40.7929,-73.9437,0,0
40.7929,-73.9437,0,0
40.7929,-73.9437,0,0
40.7929,-73.9437,0,0
40.7929,-73.9437,0,0
40.7929,-73.9437,0,0
40.7929,-73.9437,0,0
40.7929,-73.9437,0,0
40.7929,-73.9437,0,0
40.7929,-73.9437,0,0
40.7929,-73.9437,0,0
40.7929,-73.9437,0,0
40.7929,-73.9437,0,0
40.7929,-73.9437,0,0
40.7929,-73.9437,0,0
40.7929,-73.9437,0,0
40.7929,-73.9437,0,0
40.7929,-73.9437,0,0
40.7929,-73.9437,0,0
40.7929,-73.9437,0,0
40.7935,-73.9433,0,0
40.7929,-73.9458,0,0
40.7909,-73.9472,0,0
40.7891,-73.9486,1,1
40.7872,-73.95,1,0
40.7852,-73.9514,1,0
40.7833,-73.9528,1,0
40.7814,-73.9542,1,0
40.7795,-73.9556,1,0
40.7775,-73.957,1,0
40.7756,-73.9584,1,0
40.7736,-73.9599,1,0
40.7717,-73.9613,1,0
40.7704,-73.9622,1,0
40.7685,-73.9636,1,0
40.7666,-73.965,1,0
40.7647,-73.9664,1,0
40.7629,-73.9677,1,0
40.7609,-73.9691,1,0
40.759,-73.9705,1,0
40.7577,-73.9715,1,0
40.7561,-73.9676,2,1
40.7542,-73.969,3,1
40.7552,-73.9712,3,0
40.7552,-73.9733,3,0
40.7534,-73.9746,3,0
40.7515,-73.976,3,0
40.7495,-73.9774,3,0
40.7477,-73.9788,3,0
40.7464,-73.9797,3,0
40.7445,-73.9811,3,0
40.7446,-73.9832,3,0
40.7427,-73.9846,3,0
40.7409,-73.9859,3,0
40.7389,-73.9874,3,0
40.7366,-73.9891,3,0
40.7354,-73.99,3,0
40.7352,-73.9917,3,0
40.736,-73.9936,3,0
40.7374,-73.9968,2,2
40.7386,-73.9997,2,0
40.7366,-74.0011,2,0
40.7343,-74.0024,2,0
40.7334,-74.0044,1,2
40.7329,-74.0075,1,0
40.7319,-74.0088,1,0
40.7297,-74.0092,1,0
40.7291,-74.0108,1,0
40.7291,-74.0108,1,0
40.7252,-74.0113,1,0
40.7224,-74.0119,1,0
40.7203,-74.0123,1,0
40.7203,-74.0123,1,0
40.7177,-74.0141,1,0
40.7156,-74.0156,1,0
40.7151,-74.0159,0,2
40.7144,-74.0134,1,1
40.7171,-74.0128,1,0
40.7203,-74.0123,1,0
40.7177,-74.0141,1,0
40.7156,-74.0156,1,0
40.7151,-74.0159,0,2
40.7144,-74.0134,1,1
40.7171,-74.0128,1,0
40.719,-74.0123,1,0
40.7203,-74.012,1,0
40.723,-74.0115,1,0
40.7252,-74.011,1,0
40.726,-74.0091,1,0
40.7282,-74.0087,1,0
40.7303,-74.0082,1,0
40.7318,-74.0078,1,0
40.7343,-74.0072,1,0
40.7364,-74.0066,1,0
40.7388,-74.0065,1,0
40.7403,-74.0059,1,0
40.7415,-74.0087,3,1
40.7403,-74.008,3,0
40.7409,-74.0053,3,0
40.7409,-74.0051,3,0
40.7411,-74.0016,3,0
40.7428,-74.0003,3,0
40.7449,-73.9988,3,0
40.7466,-73.9976,3,0
40.7484,-73.9962,3,0
40.7503,-73.9948,3,0
40.7522,-73.9935,3,0
40.7541,-73.9921,3,0
40.7559,-73.9907,3,0
40.7579,-73.9893,3,0
40.7598,-73.9879,4,1
40.7617,-73.9866,4,0
40.7635,-73.9852,2,2
40.7654,-73.9838,2,0
40.7667,-73.9829,1,2
40.7655,-73.98,1,0
40.7667,-73.9829,1,0
40.7683,-73.9815,1,0
40.7699,-73.9806,1,0
40.7718,-73.9792,1,0
40.7737,-73.9778,1,0
40.7755,-73.9765,1,0
40.7775,-73.975,1,0
40.7795,-73.9736,1,0
40.7795,-73.9736,1,0
40.7833,-73.9708,1,0
40.7853,-73.9694,1,0
40.7559,-73.9907,3,1
40.7579,-73.9893,3,0
40.7598,-73.9879,4,1
40.7617,-73.9866,4,0
40.7635,-73.9852,2,2
40.7654,-73.9838,2,0
40.7667,-73.9829,1,2
40.7655,-73.98,1,0
40.7667,-73.9829,1,0
40.7683,-73.9815,1,0
40.7699,-73.9806,1,0
40.7718,-73.9792,1,0
40.7737,-73.9778,1,0
40.7755,-73.9765,1,0
40.7775,-73.975,1,0
40.7559,-73.9907,3,1
40.7579,-73.9893,3,0
40.7598,-73.9879,4,1
40.7617,-73.9866,4,0
40.7635,-73.9852,2,2
40.7654,-73.9838,2,0
40.7667,-73.9829,1,2
40.7655,-73.98,1,0
40.7667,-73.9829,1,0
40.7683,-73.9815,1,0
40.7699,-73.9806,1,0
40.7718,-73.9792,1,0
40.7737,-73.9778,1,0
40.7755,-73.9765,1,0
40.7775,-73.975,1,0
40.7795,-73.9736,1,0
40.7795,-73.9736,1,0
40.7833,-73.9708,1,0
40.7853,-73.9694,1,0
40.7872,-73.9679,1,0
40.7891,-73.9666,1,0
40.791,-73.9652,1,0
40.7924,-73.9642,1,0
40.7942,-73.9629,1,0
40.7961,-73.9615,1,0
40.798,-73.96,1,0
40.8,-73.9586,1,0
40.8005,-73.9579,1,0
40.8006,-73.9543,1,0
40.8025,-73.9529,1,0
40.8045,-73.9515,1,0
40.8064,-73.9501,1,0
40.8077,-73.9494,0,2
40.8077,-73.9494,0,0
40.8064,-73.9503,0,0
40.8046,-73.9517,0,0
40.8033,-73.9528,0,0
40.8037,-73.9559,0,0
40.8031,-73.9563,0,0
40.8031,-73.9563,0,0
40.8031,-73.9563,0,0
40.8031,-73.9563,0,0
40.8019,-73.9572,0,0
40.8012,-73.9577,0,0
40.8012,-73.9596,1,1
40.8031,-73.9582,1,0
40.805,-73.9568,1,0
40.8063,-73.9559,1,0
40.8057,-73.9544,0,2
40.807,-73.9535,0,0
40.8064,-73.954,0,0
40.8044,-73.9554,0,0
40.8025,-73.9568,0,0
40.8007,-73.9585,0,0
40.8,-73.9605,0,0
40.798,-73.962,0,0
40.7979,-73.9639,0,0
40.7979,-73.9639,0,0
40.7955,-73.9656,0,0
40.7922,-73.968,0,0
40.7903,-73.9694,0,0
40.7884,-73.9708,0,0
40.7872,-73.9717,0,0
40.7852,-73.9731,0,0
40.7832,-73.9745,0,0
40.7813,-73.976,0,0
40.7794,-73.9774,0,0
40.7774,-73.9788,0,0
40.7755,-73.9802,0,0
40.7736,-73.9816,0,0
40.7717,-73.983,0,0
40.7698,-73.9843,1,1
40.7686,-73.9852,1,0
40.7671,-73.9817,1,0
40.7655,-73.982,1,0
40.7634,-73.9828,1,0
40.7614,-73.984,1,0
40.7598,-73.9842,3,1
40.758,-73.9855,3,0
40.756,-73.9869,3,0
40.7541,-73.9883,3,0
40.7523,-73.9897,3,0
40.7503,-73.9911,3,0
40.7485,-73.9925,3,0
40.7466,-73.9938,3,0
40.7448,-73.9952,3,0
40.7428,-73.9966,3,0
40.7411,-73.9979,3,0
40.7392,-73.9992,3,0
40.7379,-74.0002,3,0
40.7381,-74.002,3,0
40.7388,-74.0039,3,0
40.7388,-74.0055,2,2
40.7366,-74.0053,2,0
40.7347,-74.0047,2,0
40.7329,-74.004,2,0
40.7303,-74.0047,2,0
40.7295,-74.0051,3,1
40.7272,-74.0055,2,2
40.7257,-74.0057,2,0
40.7249,-74.0026,2,0
40.7238,-74.0004,2,0
40.7222,-74.0007,2,0
40.7203,-74.0022,2,0
40.7186,-74.0025,2,0
40.7169,-74.004,2,0
40.7152,-74.0054,2,0
40.7136,-74.0068,2,0
40.7114,-74.0086,1,2
40.7103,-74.0095,1,0
40.7095,-74.0084,0,2
40.7109,-74.0091,0,0
40.7115,-74.0105,0,0
40.7121,-74.012,0,0
40.7087,-74.0133,0,0
40.7098,-74.0147,0,0
40.711,-74.0144,0,0
40.7144,-74.0134,0,0
40.7164,-74.0129,0,0
40.7171,-74.0128,0,0
40.7203,-74.012,0,0
40.723,-74.0115,0,0
40.7252,-74.011,0,0
40.7261,-74.0099,0,0
40.7259,-74.0076,1,1
40.7255,-74.004,1,0
40.7277,-74.0032,1,0
40.7298,-74.0022,1,0
40.7306,-74.0017,2,1
40.7323,-74.0005,2,0
40.7341,-73.9992,2,0
40.736,-73.9978,2,0
40.738,-73.9963,2,0
40.7404,-73.9946,2,0
40.7422,-73.9933,2,0
40.7429,-73.9928,2,0
40.7414,-73.9891,2,0
40.7415,-73.9875,2,0
40.7395,-73.9868,3,1
40.7408,-73.9858,3,0
40.7427,-73.9845,3,0
40.7426,-73.9825,3,0
40.742,-73.9809,3,0
40.7398,-73.9795,1,2
40.7388,-73.9771,1,0
40.7406,-73.9758,1,0
40.7413,-73.9753,1,0
40.7444,-73.973,1,0
40.7463,-73.9717,1,0
40.7203,-74.012,0,2
40.723,-74.0115,0,0
40.7252,-74.011,0,0
40.7261,-74.0099,0,0
40.7259,-74.0076,1,1
40.7255,-74.004,1,0
40.7277,-74.0032,1,0
40.7298,-74.0022,1,0
40.7306,-74.0017,2,1
40.7323,-74.0005,2,0
40.7341,-73.9992,2,0
40.736,-73.9978,2,0
40.738,-73.9963,2,0
40.7404,-73.9946,3,1
40.7422,-73.9933,3,0
40.7442,-73.9919,4,1
40.7448,-73.9914,4,0
40.7435,-73.9882,4,0
40.7421,-73.9849,4,0
40.7433,-73.984,4,0
40.742,-73.9809,4,0
40.741,-73.9786,2,2
40.7392,-73.98,2,0
40.7379,-73.9809,2,0
40.7369,-73.9785,2,0
40.7354,-73.9751,2,0
40.7342,-73.9749,2,0
40.7323,-73.9743,2,0
40.7296,-73.9722,2,0
40.7296,-73.9722,2,0
40.7296,-73.9722,2,0
40.7296,-73.9722,2,0
40.7296,-73.9722,2,0
40.7203,-73.9749,2,0
40.7176,-73.9754,2,0
40.7154,-73.9763,0,2
40.7154,-73.9763,1,1
40.7138,-73.9794,1,0
40.7154,-73.9792,1,0
40.7165,-73.9806,1,0
40.7296,-73.9722,2,1
40.7296,-73.9722,2,0
40.7296,-73.9722,2,0
40.7203,-73.9749,2,0
40.7176,-73.9754,2,0
40.7154,-73.9763,0,2
40.7154,-73.9763,1,1
40.7296,-73.9722,2,1
40.7296,-73.9722,2,0
40.7296,-73.9722,2,0
40.7203,-73.9749,2,0
40.7176,-73.9754,2,0
40.7154,-73.9763,0,2
40.7154,-73.9763,1,1
40.7138,-73.9794,1,0
40.7154,-73.9792,1,0
40.7165,-73.9806,1,0
40.7175,-73.98,1,0
40.7207,-73.9782,1,0
40.7225,-73.9769,1,0
40.7243,-73.9756,1,0
40.7249,-73.9752,0,2
40.7249,-73.9752,1,1
40.7231,-73.9765,1,0
40.7213,-73.9778,1,0
40.72,-73.9787,1,0
40.721,-73.9821,1,0
40.7218,-73.9846,1,0
40.7225,-73.9871,1,0
40.723,-73.9885,1,0
40.7242,-73.9925,1,0
40.725,-73.9949,0,2
40.7259,-73.9976,0,0
40.727,-73.9999,0,0
40.728,-74.0022,0,0
40.727,-74.0034,0,0
40.7272,-74.0055,0,0
40.7281,-74.0072,0,0
40.7278,-74.0031,0,0
40.7277,-74.0014,0,0
40.7288,-74.0004,0,0
40.7311,-74.0014,1,1
40.7329,-74.0001,1,0
40.7338,-74.0012,1,0
40.733,-74.0018,2,1
40.7316,-73.9991,2,0
40.7281,-74.0072,0,2
40.7278,-74.0031,0,0
40.7277,-74.0014,0,0
40.7288,-74.0004,0,0
40.7311,-74.0014,1,1
40.7329,-74.0001,1,0
40.7338,-74.0012,1,0
40.733,-74.0018,2,1
40.7316,-73.9991,2,0
40.7303,-73.9981,2,0
40.7292,-73.9958,2,0
40.7279,-73.9931,1,2
40.7271,-73.9915,1,0
40.7262,-73.9894,1,0
40.7252,-73.9871,1,0
40.7243,-73.9848,1,0
40.7233,-73.9825,1,0
40.7223,-73.9802,1,0
40.7225,-73.9769,1,0
40.7243,-73.9756,1,0
40.7242,-73.9735,1,0
40.7242,-73.9735,1,0
40.7203,-73.9749,1,0
40.7188,-73.9751,1,0
40.7165,-73.9757,1,0
40.7154,-73.9763,0,2
40.7154,-73.9763,1,1
40.7138,-73.9794,1,0
40.7154,-73.9792,1,0
40.7165,-73.9806,1,0
40.7175,-73.98,1,0
40.7207,-73.9782,1,0
40.7225,-73.9769,1,0
40.7243,-73.9756,1,0
40.7242,-73.9735,1,0
40.7242,-73.9735,1,0
40.7216,-73.9748,1,0
40.7237,-73.976,1,0
40.7249,-73.9752,1,0
40.7268,-73.9738,1,0
40.7285,-73.9757,1,0
40.7298,-73.9747,1,0
40.7327,-73.9745,1,0
40.7342,-73.9748,0,2
40.7354,-73.9751,0,0
40.7354,-73.9751,0,0
40.7369,-73.9785,0,0
40.7366,-73.9818,1,1
40.7343,-73.9836,1,0
40.733,-73.9844,1,0
40.731,-73.9859,1,0
40.7292,-73.9872,1,0
40.7268,-73.989,1,0
40.7249,-73.9903,1,0
40.7238,-73.9912,1,0
40.7248,-73.9941,1,0
40.7255,-73.9967,1,0
40.7265,-73.9992,1,0
40.7254,-74.0001,1,0
40.7229,-74.0022,1,0
40.7236,-74.0048,1,0
40.7226,-74.0063,1,0
40.7243,-74.0087,1,0
40.7234,-74.0095,1,0
40.7235,-74.0103,0,2
40.724,-74.0084,0,0
40.7252,-74.0077,0,0
40.7236,-74.0048,1,1
40.7226,-74.0063,1,0
40.7243,-74.0087,1,0
40.7234,-74.0095,1,0
40.7235,-74.0103,0,2
40.724,-74.0084,0,0
40.7252,-74.0077,0,0
40.7257,-74.0057,1,1
40.7253,-74.0034,1,0
40.7265,-74.0023,1,0
40.7269,-74,1,0
40.7258,-73.9977,1,0
40.7246,-73.9986,1,0
40.723,-73.9988,0,2
40.7227,-73.998,0,0
40.7242,-73.9978,0,0
40.7227,-73.998,0,0
40.7242,-73.9978,0,0
40.7227,-73.998,0,0
40.7246,-73.9986,0,0
40.7261,-74.0016,0,0
40.7249,-74.0026,0,0
40.7242,-74.0046,0,0
40.7262,-74.0037,0,0
40.7285,-74.0028,0,0
40.7292,-74.0012,1,1
40.7281,-73.999,2,1
40.7297,-73.9986,2,0
40.7304,-74.0001,2,0
40.7323,-74.0005,2,0
40.7337,-73.9995,2,0
40.7322,-73.9986,2,0
40.7341,-73.9992,3,1
40.7337,-73.9995,2,2
40.7322,-73.9986,2,0
40.7341,-73.9992,3,1
40.736,-73.9978,4,1
40.738,-73.9963,3,2
40.7399,-73.995,3,0
40.7399,-73.995,3,0
40.7378,-73.9901,3,0
40.7377,-73.9881,3,0
40.7395,-73.9868,3,0
40.7388,-73.9852,2,2
40.7395,-73.9827,2,0
40.7413,-73.9813,2,0
40.7432,-73.9799,2,0
40.7451,-73.9786,3,1
40.747,-73.9771,3,0
40.7489,-73.9758,3,0
40.7508,-73.9744,3,0
40.7527,-73.973,3,0
40.7546,-73.9716,3,0
40.7536,-73.9694,3,0
40.7524,-73.9703,2,2
40.7518,-73.9675,2,0
40.7523,-73.967,2,0
40.7534,-73.9633,2,0
40.7534,-73.9633,2,0
40.7534,-73.9633,2,0
40.759,-73.9584,1,2
40.7605,-73.9584,1,0
40.7624,-73.957,1,0
40.7643,-73.9556,1,0
40.7662,-73.9542,1,0
40.7682,-73.9528,1,0
40.7701,-73.9514,1,0
40.7721,-73.9499,1,0
40.774,-73.9485,1,0
40.7752,-73.9476,1,0
40.7772,-73.9462,1,0
40.7791,-73.9448,1,0
40.7805,-73.9442,1,0
40.783,-73.944,1,0
40.7839,-73.9442,1,0
40.7864,-73.9424,1,0
40.7883,-73.941,1,0
40.7889,-73.9406,0,2
40.7899,-73.9429,0,0
40.7881,-73.9443,0,0
40.7874,-73.9448,0,0
40.7862,-73.9457,0,0
40.7842,-73.9471,0,0
40.7823,-73.9485,0,0
40.7804,-73.9499,0,0
40.7785,-73.9512,0,0
40.7766,-73.9527,0,0
40.7746,-73.9541,0,0
40.7726,-73.9555,0,0
40.7708,-73.9569,0,0
40.7717,-73.9592,0,0
40.7717,-73.9613,0,0
40.7697,-73.9627,0,0
40.7679,-73.9641,0,0
40.766,-73.9654,0,0
40.7641,-73.9668,0,0
40.7622,-73.9682,1,1
40.7603,-73.9696,1,0
40.7584,-73.971,1,0
40.7565,-73.9724,1,0
40.7546,-73.9737,1,0
40.7534,-73.9746,2,1
40.755,-73.9765,2,0
40.754,-73.9742,2,0
40.7521,-73.9756,2,0
40.7502,-73.977,2,0
40.7483,-73.9783,2,0
40.7464,-73.9797,2,0
40.7445,-73.9811,2,0
40.7426,-73.9825,2,0
40.7408,-73.9838,2,0
40.7679,-73.9641,0,2
40.766,-73.9654,0,0
40.7641,-73.9668,0,0
40.7622,-73.9682,1,1
40.7603,-73.9696,1,0
40.7584,-73.971,1,0
40.7565,-73.9724,1,0
40.7546,-73.9737,1,0
40.7534,-73.9746,2,1
40.755,-73.9765,2,0
40.754,-73.9742,2,0
40.7521,-73.9756,2,0
40.7502,-73.977,2,0
40.7483,-73.9783,2,0
40.7464,-73.9797,2,0
40.7445,-73.9811,2,0
40.7426,-73.9825,2,0
40.7408,-73.9838,2,0
40.7395,-73.9848,2,0
40.7382,-73.9836,2,0
40.7358,-73.9854,2,0
40.734,-73.9867,2,0
40.732,-73.9882,2,0
40.7679,-73.9641,0,2
40.766,-73.9654,0,0
40.7641,-73.9668,0,0
40.7622,-73.9682,1,1
40.7679,-73.9641,0,2
40.766,-73.9654,0,0
40.7641,-73.9668,0,0
40.7622,-73.9682,1,1
40.7603,-73.9696,1,0
40.7584,-73.971,1,0
40.7565,-73.9724,1,0
40.7546,-73.9737,1,0
40.7534,-73.9746,2,1
40.755,-73.9765,2,0
40.754,-73.9742,2,0
40.7521,-73.9756,2,0
40.7502,-73.977,2,0
40.7483,-73.9783,2,0
40.7464,-73.9797,2,0
40.7445,-73.9811,2,0
40.7426,-73.9825,2,0
40.7408,-73.9838,2,0
40.7395,-73.9848,2,0
40.7382,-73.9836,2,0
40.7358,-73.9854,2,0
40.734,-73.9867,2,0
40.732,-73.9882,2,0
40.7301,-73.9895,2,0
40.7284,-73.9908,2,0
40.7271,-73.9915,2,0
40.7256,-73.9899,1,2
40.7236,-73.9911,1,0
40.7228,-73.9886,1,0
40.7219,-73.9855,1,0
40.7212,-73.983,1,0
40.7206,-73.9813,1,0
40.7199,-73.9788,1,0
40.7188,-73.9751,1,0
40.7176,-73.9754,1,0
40.7154,-73.9763,0,2
40.7154,-73.9763,0,0
40.7138,-73.9794,0,0
40.7154,-73.9792,0,0
40.7165,-73.9806,0,0
40.7175,-73.98,0,0
40.7199,-73.9788,0,0
40.7188,-73.9747,2,1
40.7192,-73.9763,2,0
40.7207,-73.9782,2,0
40.7225,-73.9769,2,0
40.7243,-73.9756,2,0
40.7261,-73.9743,2,0
40.7263,-73.9726,1,2
40.7268,-73.9738,1,0
40.7291,-73.9752,1,0
40.7292,-73.9735,0,2
40.7298,-73.9747,1,1
40.7212,-73.983,1,0
40.7206,-73.9813,1,0
40.7199,-73.9788,1,0
40.7188,-73.9751,1,0
40.7176,-73.9754,1,0
40.7154,-73.9763,0,2
40.7154,-73.9763,0,0
40.7138,-73.9794,0,0
40.7154,-73.9792,0,0
40.7165,-73.9806,0,0
40.7175,-73.98,0,0
40.7199,-73.9788,0,0
40.7188,-73.9747,2,1
40.7192,-73.9763,2,0
40.7207,-73.9782,2,0
40.7225,-73.9769,2,0
40.7243,-73.9756,2,0
40.7261,-73.9743,2,0
40.7263,-73.9726,1,2
40.7268,-73.9738,1,0
40.7291,-73.9752,1,0
40.7292,-73.9735,0,2
40.7298,-73.9747,1,1
40.7323,-73.9743,1,0
40.7342,-73.9748,1,0
40.7359,-73.9748,1,0
40.7372,-73.9742,1,0
40.74,-73.9727,1,0
40.74,-73.9727,1,0
40.7438,-73.9735,1,0
40.7448,-73.9759,2,1
40.7429,-73.9773,1,2
40.741,-73.9786,1,0
40.7404,-73.9791,1,0
40.7448,-73.9759,2,1
40.7448,-73.9759,2,0
40.7429,-73.9773,1,2
40.741,-73.9786,1,0
40.7404,-73.9791,1,0
40.7426,-73.9804,2,1
40.7426,-73.9825,2,0
40.7408,-73.9838,2,0
40.7395,-73.9848,1,2
40.7379,-73.9809,1,0
40.7369,-73.9785,1,0
40.7369,-73.9785,1,0
40.7342,-73.9749,1,0
40.7323,-73.9743,1,0
40.731,-73.974,1,0
40.7448,-73.9759,2,1
40.7429,-73.9773,1,2
40.741,-73.9786,1,0
40.7404,-73.9791,1,0
40.7426,-73.9804,2,1
40.7426,-73.9825,2,0
40.7408,-73.9838,2,0
40.7395,-73.9848,1,2
40.7379,-73.9809,1,0
40.7369,-73.9785,1,0
40.7448,-73.9759,2,1
40.7429,-73.9773,1,2
40.741,-73.9786,1,0
40.7404,-73.9791,1,0
40.7426,-73.9804,2,1
40.7426,-73.9825,2,0
40.7408,-73.9838,2,0
40.7395,-73.9848,1,2
40.7379,-73.9809,1,0
40.7369,-73.9785,1,0
40.7369,-73.9785,1,0
40.7342,-73.9749,1,0
40.7323,-73.9743,1,0
40.731,-73.974,1,0
40.7296,-73.9722,1,0
40.7296,-73.9722,1,0
40.7296,-73.9722,1,0
40.7296,-73.9722,1,0
40.7211,-73.9747,1,0
40.7188,-73.9747,1,0
40.7188,-73.9747,1,0
40.7213,-73.9745,1,0
40.7213,-73.9745,1,0
40.7213,-73.9745,1,0
40.7283,-73.9716,0,2
40.7283,-73.9716,0,0
40.7312,-73.974,0,0
40.7323,-73.9743,0,0
40.7298,-73.9747,0,0
40.7278,-73.9762,0,0
40.7259,-73.9775,1,1
40.7241,-73.9788,1,0
40.7223,-73.9802,1,0
40.721,-73.9821,1,0
40.7218,-73.9846,1,0
40.7222,-73.9863,1,0
40.7259,-73.9775,1,0
40.7241,-73.9788,1,0
40.7223,-73.9802,1,0
40.721,-73.9821,1,0
40.7218,-73.9846,1,0
40.7222,-73.9863,1,0
40.7198,-73.9875,1,0
40.7205,-73.9899,1,0
40.7187,-73.9891,1,0
40.7259,-73.9775,1,0
40.7259,-73.9775,1,0
40.7241,-73.9788,1,0
40.7223,-73.9802,1,0
40.721,-73.9821,1,0
40.7218,-73.9846,1,0
40.7222,-73.9863,1,0
40.7198,-73.9875,1,0
40.7205,-73.9899,1,0
40.7187,-73.9891,1,0
40.7177,-73.9887,1,0
40.7174,-73.9914,1,0
40.7182,-73.9938,1,0
40.7173,-73.9954,1,0
40.7182,-73.9979,1,0
40.7187,-73.9994,0,2
40.7196,-74.0006,0,0
40.7194,-74.0019,1,1
40.7189,-73.9992,1,0
40.7193,-73.9973,1,0
40.7185,-73.9948,1,0
40.7177,-73.9922,1,0
40.7167,-73.9891,1,0
40.716,-73.9867,1,0
40.7152,-73.9842,1,0
40.7174,-73.9829,1,0
40.7195,-73.9819,1,0
40.721,-73.9811,1,0
40.7229,-73.9797,1,0
40.7247,-73.9784,1,0
40.7265,-73.9771,1,0
40.7285,-73.9757,0,2
40.7271,-73.9766,0,0
40.7253,-73.978,0,0
40.7235,-73.9793,0,0
40.7217,-73.9806,1,1
40.7213,-73.983,3,1
40.722,-73.9834,3,0
40.7236,-73.9853,3,0
40.7246,-73.9875,3,0
40.7256,-73.9899,3,0
40.7271,-73.9915,3,0
40.7284,-73.9908,3,0
40.731,-73.9904,3,0
40.7328,-73.99,3,0
40.7353,-73.9898,3,0
40.7371,-73.9885,3,0
40.7389,-73.9872,3,0
40.7402,-73.9864,3,0
40.7421,-73.9871,3,0
40.744,-73.9857,3,0
40.7459,-73.9843,3,0
40.7478,-73.983,3,0
40.7484,-73.9846,3,0
40.7498,-73.9877,3,0
40.7517,-73.9864,3,0
40.7536,-73.985,2,2
40.7548,-73.9841,1,2
40.7551,-73.9867,2,1
40.7554,-73.9874,2,0
40.7572,-73.9898,2,0
40.756,-73.9869,1,2
40.7558,-73.9864,1,0
40.7561,-73.9832,1,0
40.7574,-73.9823,1,0
40.756,-73.979,1,0
40.755,-73.9765,1,0
40.754,-73.9742,1,0
40.7521,-73.9756,0,2
40.7508,-73.9744,1,1
40.7498,-73.9722,1,0
40.7508,-73.9744,1,0
40.7498,-73.9722,1,0
40.7508,-73.9744,2,1
40.7515,-73.976,2,0
40.7537,-73.9774,2,0
40.7546,-73.9757,2,0
40.7565,-73.9743,2,0
40.7584,-73.973,2,0
40.7597,-73.9742,1,2
40.7596,-73.9721,1,0
40.7616,-73.9707,1,0
40.7616,-73.9686,1,0
40.7616,-73.9666,1,0
40.7606,-73.9643,1,0
40.7602,-73.9615,1,0
40.7614,-73.9624,0,2
40.7609,-73.9642,0,0
40.7593,-73.9653,0,0
40.7574,-73.9667,0,0
40.7555,-73.9681,0,0
40.7536,-73.9694,0,0
40.7517,-73.9708,0,0
40.7498,-73.9722,0,0
40.7489,-73.97,0,0
40.7508,-73.9684,1,1
40.7527,-73.9671,1,0
40.7545,-73.9657,1,0
40.7557,-73.9648,1,0
40.7568,-73.9672,1,0
40.7583,-73.9689,1,0
40.7603,-73.9675,1,0
40.7622,-73.9661,1,0
40.7641,-73.9648,1,0
40.7659,-73.9634,1,0
40.7678,-73.962,1,0
40.7697,-73.9606,1,0
40.7717,-73.9592,1,0
40.7736,-73.9578,1,0
40.775,-73.9568,1,0
40.774,-73.9546,1,0
40.7736,-73.9517,1,0
40.7756,-73.9503,1,0
40.7775,-73.9489,1,0
40.7794,-73.9475,1,0
40.7813,-73.9461,1,0
40.7826,-73.9452,1,0
40.7536,-73.9694,0,2
40.7517,-73.9708,0,0
40.7498,-73.9722,0,0
40.7489,-73.97,0,0
40.7508,-73.9684,1,1
40.7527,-73.9671,1,0
40.7545,-73.9657,1,0
40.7557,-73.9648,1,0
40.7568,-73.9672,1,0
40.7583,-73.9689,1,0
40.7603,-73.9675,1,0
40.7622,-73.9661,1,0
40.7641,-73.9648,1,0
40.7659,-73.9634,1,0
40.7678,-73.962,1,0
40.7697,-73.9606,1,0
40.7717,-73.9592,1,0
40.7736,-73.9578,1,0
40.775,-73.9568,1,0
40.774,-73.9546,1,0
40.7736,-73.9517,1,0
40.7756,-73.9503,1,0
40.7775,-73.9489,1,0
40.7794,-73.9475,1,0
40.7813,-73.9461,1,0
40.7826,-73.9452,1,0
40.7836,-73.9476,0,2
40.7823,-73.9485,0,0
40.7804,-73.9499,0,0
40.7785,-73.9512,0,0
40.7788,-73.954,0,0
40.7788,-73.954,0,0
40.7808,-73.9526,2,1
40.7814,-73.9542,2,0
40.7815,-73.9564,2,0
40.7795,-73.9578,2,0
40.7776,-73.9592,2,0
40.7757,-73.9606,2,0
40.7737,-73.962,2,0
40.7718,-73.9634,2,0
40.7699,-73.9649,2,0
40.768,-73.9663,2,0
40.768,-73.9682,2,0
40.7686,-73.9698,2,0
40.7688,-73.9723,2,0
40.7688,-73.9723,2,0
40.7717,-73.9777,2,0
40.7712,-73.9797,1,2
40.7705,-73.9801,1,0
40.7698,-73.9823,1,0
40.7683,-73.9822,1,0
40.7663,-73.9818,1,0
40.764,-73.9825,1,0
40.7636,-73.9814,1,0
40.763,-73.9781,0,2
40.765,-73.9767,1,1
40.7657,-73.9762,1,0
40.7662,-73.9795,1,0
40.7663,-73.9818,1,0
40.7671,-73.9817,2,1
40.7667,-73.9829,2,0
40.7679,-73.9857,2,0
40.7679,-73.9857,2,0
40.7691,-73.9886,2,0
40.7703,-73.9914,0,2
40.7703,-73.9914,0,0
40.7691,-73.9886,0,0
40.7704,-73.9876,1,1
40.7716,-73.9905,1,0
40.7696,-73.9919,1,0
40.7684,-73.9891,2,1
40.7704,-73.9876,2,0
40.7723,-73.9862,3,1
40.7742,-73.9849,3,0
40.776,-73.9835,3,0
40.7779,-73.9821,3,0
40.7795,-73.9816,2,2
40.7806,-73.9802,2,0
40.7825,-73.9788,2,0
40.7845,-73.9774,2,0
40.7852,-73.9791,2,0
40.7869,-73.9793,2,0
40.787,-73.9775,2,0
40.7877,-73.975,1,2
40.7877,-73.975,1,0
40.7865,-73.9722,1,0
40.7853,-73.9694,1,0
40.7853,-73.9694,1,0
40.7853,-73.9694,1,0
40.7815,-73.9628,1,0
40.779,-73.9623,2,1
40.7777,-73.9632,2,0
40.7783,-73.9607,2,0
40.7795,-73.9598,1,2
40.7801,-73.9571,1,0
40.7788,-73.9561,3,1
40.7769,-73.9575,3,0
40.7762,-73.9559,4,1
40.7746,-73.9541,4,0
40.7726,-73.9555,4,0
40.7708,-73.9569,4,0
40.7688,-73.9584,4,0
40.7678,-73.956,3,2
40.7669,-73.9538,3,0
40.7675,-73.9532,3,0
40.7662,-73.9542,3,0
40.7643,-73.9556,3,0
40.7646,-73.9583,3,0
40.7656,-73.9607,3,0
40.7637,-73.9621,3,0
40.7619,-73.9634,3,0
40.7608,-73.9629,3,0
40.7602,-73.9615,3,0
40.758,-73.9602,3,0
40.7574,-73.9607,3,0
40.759,-73.9645,3,0
40.7593,-73.9653,3,0
40.7609,-73.9691,3,0
40.761,-73.9714,2,2
40.7591,-73.9727,1,2
40.7571,-73.9739,1,0
40.7559,-73.9728,1,0
40.754,-73.9742,1,0
40.7521,-73.9756,1,0
40.7508,-73.9744,3,1
40.7521,-73.9735,2,2
40.7505,-73.9717,2,0
40.7485,-73.9731,2,0
40.7466,-73.9745,2,0
40.7448,-73.9759,1,2
40.7438,-73.9735,1,0
40.7452,-73.9747,1,0
40.746,-73.9768,1,0
40.747,-73.9771,1,0
40.7458,-73.9743,1,0
40.7457,-73.9721,1,0
40.7467,-73.9745,1,0
40.7482,-73.9762,2,1
40.7501,-73.9749,2,0
40.7521,-73.9735,2,0
40.7539,-73.9721,2,0
40.7558,-73.9707,2,0
40.7577,-73.9694,2,0
40.7577,-73.9715,1,2
40.7577,-73.9694,1,0
40.7583,-73.9689,1,0
40.7574,-73.9667,1,0
40.7554,-73.9621,1,0
40.7567,-73.9612,1,0
40.7587,-73.9597,1,0
40.7605,-73.9584,1,0
40.7624,-73.957,1,0
40.763,-73.9565,0,2
40.7643,-73.9556,0,0
40.7649,-73.9552,2,1
40.7656,-73.9547,2,0
40.7662,-73.9542,3,1
40.7643,-73.9556,3,0
40.7624,-73.957,3,0
40.7609,-73.9573,3,0
40.7593,-73.9582,3,0
40.7593,-73.9582,3,0
40.7593,-73.9582,3,0
40.7552,-73.9618,3,0
40.7529,-73.964,3,0
40.7529,-73.964,3,0
40.7529,-73.964,3,0
40.7469,-73.9693,3,0
40.7452,-73.9709,2,2
40.7463,-73.9736,2,0
40.7454,-73.9754,2,0
40.7441,-73.9764,2,0
40.7423,-73.9777,2,0
40.7404,-73.9791,2,0
40.7386,-73.9804,3,1
40.7379,-73.9809,2,2
40.7366,-73.9818,2,0
40.7364,-73.9849,2,0
40.7346,-73.9862,2,0
40.7333,-73.9872,2,0
40.7344,-73.9899,1,2
40.7365,-73.9889,1,0
40.7383,-73.9877,1,0
40.7402,-73.9864,1,0
40.7415,-73.9875,1,0
40.7434,-73.9861,1,0
40.7445,-73.9889,0,2
40.7454,-73.991,0,0
40.7454,-73.991,0,0
40.7454,-73.9947,0,0
40.7448,-73.9952,1,1
40.7436,-73.9923,3,1
40.7416,-73.9896,3,0
40.7409,-73.988,3,0
40.7395,-73.9848,3,0
40.7388,-73.9831,3,0
40.7379,-73.9809,3,0
40.7376,-73.9781,3,0
40.7382,-73.9776,1,2
40.7386,-73.9804,1,0
40.7372,-73.9814,1,0
40.7348,-73.9831,1,0
40.733,-73.9844,1,0
40.731,-73.9859,1,0
40.7292,-73.9872,1,0
40.7274,-73.9885,1,0
40.7256,-73.9899,1,0
40.7236,-73.9911,1,0
40.7224,-73.9916,1,0
40.7199,-73.9929,1,0
40.7182,-73.9938,1,0
40.7173,-73.9954,1,0
40.7151,-73.9969,1,0
40.7135,-73.9985,1,0
40.7118,-73.9997,1,0
40.7101,-74.0012,1,0
40.7088,-74.0025,1,0
40.7069,-74.005,1,0
40.7056,-74.0068,1,0
40.7041,-74.009,1,0
40.703,-74.0115,1,0
40.7027,-74.0122,1,0
40.703,-74.0115,1,0
40.7052,-74.0074,1,0
40.7064,-74.0057,1,0
40.7081,-74.0035,1,0
40.7096,-74.0015,1,0
40.7102,-74.0011,1,0
40.7133,-73.9983,1,0
40.715,-73.9968,1,0
40.7166,-73.9958,1,0
40.7185,-73.9948,1,0
40.7209,-73.9937,1,0
40.7228,-73.993,1,0
40.7249,-73.9923,1,0
40.7264,-73.9919,1,0
40.7271,-73.9915,1,0
40.7289,-73.9903,1,0
40.7307,-73.9891,1,0
40.7326,-73.9877,1,0
40.7333,-73.9872,1,0
40.7317,-73.9854,2,1
40.7333,-73.9872,2,0
40.7358,-73.9854,2,0
40.7375,-73.9841,4,1
40.7388,-73.9831,4,0
40.7402,-73.9864,4,0
40.7415,-73.9875,4,0
40.7434,-73.9861,4,0
40.7452,-73.9848,4,0
40.7471,-73.9834,4,0
40.7484,-73.9846,3,2
40.7478,-73.983,3,0
40.7483,-73.9803,3,0
40.7502,-73.979,3,0
40.7508,-73.9786,2,2
40.7508,-73.9786,2,0
40.7553,-73.9752,2,0
40.7571,-73.9739,2,0
40.759,-73.9725,2,0
40.7609,-73.9711,2,0
40.7623,-73.9701,2,0
40.7641,-73.9688,2,0
40.766,-73.9674,2,0
40.7679,-73.966,2,0
40.7679,-73.9641,1,2
40.7685,-73.9615,1,0
40.7697,-73.9606,1,0
40.7704,-73.9601,0,2
40.7717,-73.9592,0,0
40.773,-73.9623,0,0
40.773,-73.9603,0,0
40.773,-73.9583,0,0
40.7743,-73.9573,0,0
40.7733,-73.955,1,1
40.7723,-73.9527,1,0
40.7707,-73.9509,1,0
40.7688,-73.9523,2,1
40.7669,-73.9538,3,1
40.7649,-73.9552,4,1
40.7637,-73.9561,4,0
40.7646,-73.9583,4,0
40.7656,-73.9607,4,0
40.7672,-73.9645,4,0
40.7673,-73.9667,4,0
40.7655,-73.9681,4,0
40.7636,-73.9694,4,0
40.7623,-73.9704,4,0
40.7604,-73.9718,4,0
40.7585,-73.9732,4,0
40.7585,-73.9751,3,2
40.7592,-73.9767,4,1
40.7605,-73.98,4,0
40.7624,-73.9786,3,2
40.7643,-73.9772,3,0
40.7657,-73.9762,3,0
40.7669,-73.9791,3,0
40.7684,-73.9818,2,2
40.7705,-73.982,2,0
40.7722,-73.9821,1,2
40.7718,-73.9792,1,0
40.7724,-73.9787,1,0
40.7738,-73.9821,1,0
40.7763,-73.982,1,0
40.7786,-73.9816,2,1
40.7799,-73.9807,2,0
40.7818,-73.9793,2,0
40.7838,-73.9778,2,0
40.7857,-73.9764,2,0
40.7877,-73.975,2,0
40.7896,-73.9736,2,0
40.7915,-73.9722,2,0
40.7934,-73.9709,2,0
40.7946,-73.9717,2,0
40.7959,-73.9727,2,0
40.7966,-73.9743,2,0
40.7966,-73.9743,2,0
40.801,-73.971,1,2
40.8023,-73.9701,1,0
40.8022,-73.9677,1,0
40.8041,-73.9666,1,0
40.806,-73.9652,1,0
40.808,-73.9638,1,0
40.8099,-73.9624,1,0
40.8118,-73.9611,1,0
40.8124,-73.9606,1,0
40.8151,-73.9586,1,0
40.8169,-73.9573,1,0
40.8188,-73.956,1,0
40.8208,-73.9546,1,0
40.8226,-73.9532,1,0
40.8245,-73.9518,1,0
40.8264,-73.9504,1,0
40.8283,-73.949,1,0
40.8302,-73.9476,1,0
40.8314,-73.9467,1,0
40.8341,-73.9448,1,0
40.8359,-73.9435,1,0
40.8378,-73.9421,1,0
40.8392,-73.9411,1,0
40.8411,-73.9397,1,0
40.8432,-73.9392,1,0
40.8454,-73.9387,1,0
40.8477,-73.938,1,0
40.8495,-73.9364,1,0
40.8508,-73.9354,1,0
40.8532,-73.9342,1,0
40.8553,-73.9333,1,0
40.8567,-73.9326,1,0
40.8592,-73.9311,1,0
40.8594,-73.9308,1,0
40.861,-73.9265,1,0
40.8618,-73.9241,1,0
40.8624,-73.9225,1,0
40.8638,-73.9194,1,0
40.8656,-73.9181,1,0
40.8676,-73.9166,1,0
40.8696,-73.9152,1,0
40.8717,-73.9133,1,0
40.8728,-73.9119,0,2
40.8717,-73.9112,0,0
40.8694,-73.9128,0,0
40.8696,-73.9152,0,0
40.8683,-73.9161,0,0
40.8668,-73.9172,0,0
40.8645,-73.919,0,0
40.8626,-73.9203,0,0
40.8607,-73.9217,0,0
40.859,-73.9229,0,0
40.859,-73.9229,0,0
40.859,-73.9229,0,0
40.859,-73.9229,0,0
40.859,-73.9229,0,0
40.859,-73.9229,0,0
40.859,-73.9229,0,0
40.859,-73.9229,0,0
40.859,-73.9229,0,0
40.859,-73.9229,0,0
40.859,-73.9229,0,0
40.8376,-73.9341,0,0
40.8376,-73.9341,0,0
40.8376,-73.9341,0,0
40.8376,-73.9341,0,0
40.8376,-73.9341,0,0
40.8284,-73.9349,0,0
40.8284,-73.9349,0,0
40.8284,-73.9349,0,0
40.8284,-73.9349,0,0
40.8188,-73.9343,0,0
40.8188,-73.9343,0,0
40.815,-73.9344,0,0
40.8129,-73.9346,0,0
40.8102,-73.9354,0,0
40.8089,-73.9364,0,0
40.807,-73.9378,0,0
40.8051,-73.9392,0,0
40.8032,-73.9406,0,0
40.8013,-73.942,0,0
40.7994,-73.9434,0,0
40.7987,-73.9439,0,0
40.7955,-73.9462,0,0
40.7937,-73.9475,0,0
40.7916,-73.9487,0,0
40.7903,-73.9477,0,0
40.7884,-73.9491,1,1
40.7866,-73.9504,1,0
40.7846,-73.9519,1,0
40.7845,-73.9498,2,1
40.7852,-73.9514,2,0
40.7865,-73.9547,2,0
40.7866,-73.9567,3,1
40.7847,-73.9581,4,1
40.7828,-73.9595,4,0
40.7822,-73.9579,4,0
40.7808,-73.9546,4,0
40.7788,-73.9561,4,0
40.7775,-73.9549,3,2
40.7766,-73.9527,3,0
40.7746,-73.9541,4,1
40.7726,-73.9555,4,0
40.7708,-73.9569,4,0
40.7701,-73.9574,4,0
40.7698,-73.9546,3,2
40.7708,-73.9569,4,1
40.7717,-73.9592,4,0
40.7711,-73.9617,4,0
40.7691,-73.9632,4,0
40.7672,-73.9645,4,0
40.7654,-73.9659,4,0
40.7635,-73.9673,4,0
40.7616,-73.9686,3,2
40.7617,-73.9709,3,0
40.7623,-73.9724,3,0
40.7617,-73.9749,2,2
40.7598,-73.9763,2,0
40.7579,-73.9777,2,0
40.756,-73.979,2,0
40.7542,-73.9804,1,2
40.7522,-73.9818,2,1
40.7503,-73.9832,2,0
40.7491,-73.9841,2,0
40.7484,-73.9846,2,0
40.7498,-73.9877,2,0
40.7503,-73.9911,2,0
40.7491,-73.992,2,0
40.7503,-73.9948,3,1
40.7522,-73.9935,3,0
40.7541,-73.9921,3,0
40.7559,-73.9907,3,0
40.7579,-73.9893,4,1
40.7598,-73.9879,4,0
40.7617,-73.9866,3,2
40.7614,-73.984,2,2
40.7611,-73.9833,2,0
40.7605,-73.98,2,0
40.7624,-73.9786,4,1
40.7643,-73.9772,4,0
40.7643,-73.9772,4,0
40.7642,-73.981,3,2
40.7623,-73.9824,3,0
40.7605,-73.9837,3,0
40.7586,-73.9851,3,0
40.7567,-73.9865,3,0
40.7548,-73.9879,3,0
40.7529,-73.9892,3,0
40.751,-73.9906,3,0
40.7491,-73.992,3,0
40.7472,-73.9934,3,0
40.7454,-73.9947,3,0
40.7434,-73.9961,3,0
40.7416,-73.9974,3,0
40.7405,-73.9983,3,0
40.7417,-74.0011,3,0
40.7429,-74.004,3,0
40.7409,-74.0051,2,2
40.7388,-74.0055,2,0
40.737,-74.0065,2,0
40.7362,-74.0083,2,0
40.7341,-74.0085,2,0
40.7319,-74.0088,2,0
40.7297,-74.0092,2,0
40.7291,-74.0108,2,0
40.7291,-74.0108,2,0
40.7252,-74.0113,2,0
40.723,-74.0117,2,0
40.7203,-74.0123,1,2
40.7203,-74.0123,1,0
40.7165,-74.0132,1,0
40.7153,-74.0135,1,0
40.7138,-74.0139,1,0
40.7111,-74.0146,1,0
40.7097,-74.0151,1,0
40.7066,-74.0162,1,0
40.7048,-74.0156,1,0
40.7046,-74.0142,0,2
40.7032,-74.0144,0,0
40.7027,-74.0122,1,1
40.7032,-74.0144,1,0
40.7027,-74.0122,1,0
40.703,-74.0115,1,0
40.7052,-74.0074,1,0
40.7064,-74.0057,1,0
40.7081,-74.0035,1,0
40.7096,-74.0015,1,0
40.7102,-74.0011,1,0
40.7133,-73.9983,1,0
40.715,-73.9968,1,0
40.7166,-73.9958,1,0
40.7185,-73.9948,1,0
40.7209,-73.9937,1,0
40.7228,-73.993,1,0
40.7241,-73.9926,1,0
40.7229,-73.9888,1,0
40.7233,-73.9884,1,0
40.7252,-73.9921,1,0
40.7271,-73.9915,1,0
40.7284,-73.9908,1,0
40.731,-73.9904,1,0
40.7328,-73.99,1,0
40.7353,-73.9898,1,0
40.7371,-73.9885,1,0
40.7389,-73.9872,1,0
40.7408,-73.9858,1,0
40.7421,-73.9849,1,0
40.7408,-73.9838,1,0
40.7427,-73.9845,1,0
40.7433,-73.9841,1,0
40.7434,-73.9861,1,0
40.7452,-73.9848,1,0
40.7446,-73.9832,0,2
40.7433,-73.984,0,0
40.7426,-73.9825,0,0
40.741,-73.9786,2,1
40.7392,-73.98,2,0
40.7372,-73.9814,2,0
40.7354,-73.9827,2,0
40.7343,-73.9836,2,0
40.7317,-73.9854,2,0
40.7298,-73.9868,2,0
40.7299,-73.9889,1,2
40.7289,-73.9903,1,0
40.7271,-73.9915,1,0
40.7249,-73.9924,1,0
40.7229,-73.9932,1,0
40.721,-73.9939,1,0
40.7197,-73.9922,1,0
40.7183,-73.991,1,0
40.7174,-73.9914,1,0
40.7144,-73.9928,1,0
40.7125,-73.9926,1,0
40.7109,-73.9922,1,0
40.7095,-73.994,2,1
40.7098,-73.9918,1,2
40.7125,-73.9923,1,0
40.7144,-73.9926,1,0
40.7162,-73.9918,1,0
40.7183,-73.9907,1,0
40.7205,-73.9896,1,0
40.7216,-73.989,1,0
40.7223,-73.9863,1,0
40.7236,-73.9853,1,0
40.7255,-73.984,1,0
40.7278,-73.9822,1,0
40.7297,-73.9809,1,0
40.7304,-73.9804,1,0
40.7327,-73.9816,1,0
40.7344,-73.9803,1,0
40.7362,-73.979,1,0
40.7382,-73.9776,1,0
40.7402,-73.9761,1,0
40.7413,-73.9753,1,0
40.7438,-73.9735,3,1
40.7457,-73.9721,3,0
40.7475,-73.9708,3,0
40.7489,-73.97,3,0
40.7492,-73.9727,2,2
40.7479,-73.9736,3,1
40.7489,-73.9758,3,0
40.7503,-73.9792,3,0
40.7484,-73.9805,3,0
40.7484,-73.9825,3,0
40.7484,-73.9846,2,2
40.7465,-73.986,2,0
40.7447,-73.9873,2,0
40.7428,-73.9887,2,0
40.7409,-73.9901,3,1
40.7391,-73.9914,1,2
40.7391,-73.9914,1,0
40.7416,-73.9937,1,0
40.7416,-73.9937,1,0
40.7428,-73.9966,1,0
40.7453,-73.9985,1,0
40.7466,-73.9976,1,0
40.7478,-74.0004,1,0
40.7465,-74.0014,1,0
40.7484,-74.0037,3,1
40.7496,-74.0028,3,0
40.7484,-74,3,0
40.7472,-73.9971,3,0
40.7472,-73.9971,3,0
40.746,-73.9943,3,0
40.746,-73.9905,2,2
40.7479,-73.9892,2,0
40.7498,-73.9877,3,1
40.7517,-73.9864,3,0
40.7529,-73.9855,3,0
40.7541,-73.9883,3,0
40.7553,-73.9912,2,2
40.7572,-73.9898,4,1
40.7585,-73.9888,4,0
40.7598,-73.9879,4,0
40.7586,-73.9851,4,0
40.7574,-73.9823,3,2
40.7593,-73.9809,3,0
40.7611,-73.9795,2,2
40.7611,-73.9795,2,0
40.7591,-73.9747,2,0
40.761,-73.9733,2,0
40.763,-73.9719,2,0
40.7648,-73.9705,2,0
40.7667,-73.9691,2,0
40.7686,-73.9678,2,0
40.7705,-73.9664,2,0
40.7725,-73.9649,2,0
40.7744,-73.9635,0,2
40.7731,-73.9625,0,0
40.7736,-73.9618,0,0
40.7749,-73.9609,0,0
40.773,-73.9603,1,1
40.7717,-73.9613,1,0
40.7711,-73.9596,1,0
40.7688,-73.9584,2,1
40.7669,-73.9598,2,0
40.7678,-73.962,2,0
40.7691,-73.9651,2,0
40.768,-73.9663,2,0
40.7661,-73.9676,2,0
40.7661,-73.9696,2,0
40.7655,-73.9721,2,0
40.7646,-73.9736,2,0
40.7657,-73.9762,1,2
40.7657,-73.9762,1,0
40.7655,-73.98,1,0
40.7642,-73.981,1,0
40.7654,-73.9838,1,0
40.7667,-73.9829,1,0
40.7679,-73.9857,1,0
40.7691,-73.9886,0,2
40.7691,-73.9886,0,0
40.7679,-73.9857,0,0
40.7677,-73.9819,1,1
40.7689,-73.9822,1,0
40.7692,-73.9848,1,0
40.7679,-73.9857,1,0
40.7691,-73.9886,1,0
40.7691,-73.9886,1,0
40.7716,-73.9905,2,1
40.7722,-73.99,3,1
40.7703,-73.9914,3,0
40.7696,-73.9919,2,2
40.7684,-73.9891,2,0
40.7672,-73.9862,2,0
40.766,-73.9834,2,0
40.7648,-73.9805,2,0
40.7636,-73.9777,2,0
40.765,-73.9767,2,0
40.7657,-73.9762,3,1
40.7637,-73.9735,4,1
40.7617,-73.9749,3,2
40.7604,-73.9738,3,0
40.7591,-73.9727,3,0
40.7571,-73.9739,3,0
40.7559,-73.9728,3,0
40.754,-73.9742,3,0
40.7521,-73.9756,2,2
40.7502,-73.977,2,0
40.7483,-73.9783,2,0
40.7464,-73.9797,2,0
40.7445,-73.9811,2,0
40.7446,-73.9832,2,0
40.7427,-73.9846,2,0
40.7409,-73.9859,2,0
40.7395,-73.9848,1,2
40.7388,-73.9831,1,0
40.7379,-73.9809,1,0
40.7369,-73.9785,1,0
40.7354,-73.9751,1,0
40.7342,-73.9749,1,0
40.731,-73.974,1,0
40.7291,-73.9752,1,0
40.7278,-73.9762,1,0
40.7268,-73.9738,1,0
40.7249,-73.9752,0,2
40.7259,-73.9775,0,0
40.7269,-73.9799,0,0
40.7251,-73.9812,1,1
40.7257,-73.9808,1,0
40.7251,-73.9812,1,0
40.7245,-73.9816,1,0
40.7229,-73.9797,1,0
40.7229,-73.9797,2,1
40.721,-73.9811,2,0
40.7213,-73.983,2,0
40.7221,-73.9855,2,0
40.723,-73.9885,2,0
40.7238,-73.9912,2,0
40.7245,-73.9934,2,0
40.723,-73.9949,1,2
40.7209,-73.9958,1,0
40.719,-73.9965,1,0
40.7179,-73.9971,1,0
40.715,-73.9989,1,0
40.7133,-73.9983,1,0
40.7118,-73.9997,1,0
40.7096,-74.0015,1,0
40.7081,-74.0035,0,2
40.7095,-74.0017,0,0
40.7079,-74.0001,0,0
40.7083,-73.9994,1,1
40.709,-73.9978,1,0
40.7092,-73.9959,1,0
40.7098,-73.9918,1,0
40.7101,-73.9898,1,0
40.7105,-73.9866,1,0
40.7105,-73.9846,1,0
40.7107,-73.9816,1,0
40.7107,-73.9816,1,0
40.7107,-73.9816,1,0
40.7107,-73.9816,1,0
40.7165,-73.9755,1,0
40.7188,-73.9751,1,0
40.7165,-73.9757,1,0
40.7154,-73.9763,2,1
40.7132,-73.9776,2,0
40.7143,-73.9809,2,0
40.7146,-73.9832,2,0
40.7145,-73.9853,2,0
40.7142,-73.9887,2,0
40.7141,-73.9902,2,0
40.7137,-73.9946,2,0
40.7135,-73.9973,2,0
40.7139,-73.9995,2,0
40.7152,-74.0021,2,0
40.7156,-74.003,2,0
40.714,-74.0044,2,0
40.7136,-74.0068,1,2
40.7138,-74.0089,1,0
40.7154,-74.0076,1,0
40.7173,-74.0091,1,0
40.7193,-74.0087,1,0
40.7213,-74.0083,1,0
40.7238,-74.0079,1,0
40.7259,-74.0076,1,0
40.7281,-74.0072,2,1
40.7302,-74.0068,2,0
40.7318,-74.0078,3,1
40.7336,-74.0073,3,0
40.7357,-74.0068,3,0
40.7381,-74.0065,2,2
40.7388,-74.0054,2,0
40.7391,-74.0031,2,0
40.7411,-74.0016,3,1
40.7428,-74.0003,3,0
40.7434,-73.9999,3,0
40.7411,-73.9979,3,0
40.7411,-73.9979,3,0
40.741,-73.9942,2,2
40.741,-73.9942,2,0
40.7392,-73.9898,2,0
40.7371,-73.9885,2,0
40.7389,-73.9872,3,1
40.7402,-73.9864,3,0
40.7421,-73.9871,2,2
40.744,-73.9857,2,0
40.7452,-73.9848,2,0
40.7452,-73.9828,2,0
40.7471,-73.9834,2,0
40.7491,-73.982,2,0
40.7509,-73.9807,2,0
40.7528,-73.9793,2,0
40.7547,-73.9779,2,0
40.7566,-73.9765,2,0
40.7579,-73.9756,1,2
40.7565,-73.9724,1,0
40.7558,-73.9707,2,1
40.7549,-73.9685,2,0
40.7539,-73.9661,2,0
40.7545,-73.9657,1,2
40.7555,-73.9681,1,0
40.7564,-73.9703,1,0
40.7571,-73.9719,1,0
40.7566,-73.9745,1,0
40.7556,-73.9761,1,0
40.7537,-73.9774,1,0
40.7535,-73.9788,1,0
40.7528,-73.9814,1,0
40.7516,-73.9823,0,2
40.7503,-73.9832,0,0
40.7491,-73.982,1,1
40.7509,-73.9807,1,0
40.7503,-73.9792,2,1
40.7489,-73.9779,2,0
40.7479,-73.9754,2,0
40.7469,-73.9732,2,0
40.7469,-73.9712,1,2
40.7479,-73.9736,1,0
40.7489,-73.9758,1,0
40.7489,-73.9779,1,0
40.7471,-73.9792,1,0
40.7451,-73.9807,1,0
40.7452,-73.9828,1,0
40.7433,-73.9841,1,0
40.7415,-73.9855,1,0
40.7409,-73.9859,0,2
40.7402,-73.9864,0,0
40.7416,-73.9896,0,0
40.7429,-73.9928,0,0
40.7448,-73.9914,1,1
40.7467,-73.9901,2,1
40.7485,-73.9887,2,0
40.7498,-73.9877,3,1
40.7484,-73.9846,3,0
40.7472,-73.9855,3,0
40.7453,-73.9868,3,0
40.7435,-73.9882,3,0
40.7416,-73.9896,3,0
40.7397,-73.9909,3,0
40.7373,-73.9927,4,1
40.7353,-73.9941,4,0
40.7347,-73.9946,4,0
40.7345,-73.9923,3,2
40.734,-73.995,3,0
40.7329,-73.9959,3,0
40.7341,-73.9997,3,0
40.7337,-74.0016,3,0
40.7319,-74.0038,3,0
40.7303,-74.0047,3,0
40.7279,-74.0054,2,2
40.7257,-74.0057,1,2
40.7253,-74.0034,1,0
40.7242,-74.0011,2,1
40.723,-73.9988,1,2
40.7239,-73.9969,1,0
40.7252,-73.9953,1,0
40.7273,-73.9936,1,0
40.7279,-73.9931,1,0
40.7306,-73.9905,3,1
40.7307,-73.9891,3,0
40.7326,-73.9877,2,2
40.7335,-73.9899,2,0
40.736,-73.9894,2,0
40.7359,-73.9874,2,0
40.7371,-73.9865,2,0
40.7389,-73.9872,2,0
40.7388,-73.9852,2,0
40.7395,-73.9868,2,0
40.7408,-73.9858,2,0
40.7414,-73.9854,3,1
40.7433,-73.984,3,0
40.7452,-73.9827,3,0
40.7464,-73.9818,4,1
40.7464,-73.9818,4,0
40.7508,-73.9786,4,0
40.7508,-73.9786,4,0
40.7508,-73.9786,4,0
40.7559,-73.9748,4,0
40.7578,-73.9734,4,0
40.7596,-73.9721,4,0
40.7609,-73.9711,4,0
40.7596,-73.968,3,2
40.7616,-73.9666,3,0
40.7634,-73.9652,3,0
40.7625,-73.963,3,0
40.7612,-73.9639,2,2
40.7634,-73.9652,2,0
40.7653,-73.9638,2,0
40.7666,-73.965,2,0
40.7673,-73.9667,2,0
40.7679,-73.966,1,2
40.7698,-73.9647,1,0
40.7717,-73.9632,1,0
40.7717,-73.9613,0,2
40.7717,-73.9592,1,1
40.7724,-73.9608,1,0
40.7744,-73.9616,1,0
40.7756,-73.9626,2,1
40.7744,-73.9616,3,1
40.7725,-73.963,3,0
40.771,-73.9637,3,0
40.7691,-73.9632,2,2
40.7672,-73.9645,2,0
40.7654,-73.9659,2,0
40.7635,-73.9673,2,0
40.7616,-73.9686,1,2
40.7617,-73.9709,1,0
40.7617,-73.9709,1,0
40.7623,-73.9724,1,0
40.763,-73.974,1,0
40.7643,-73.9772,1,0
40.7655,-73.98,1,0
40.7667,-73.9829,1,0
40.7663,-73.9818,0,2
40.764,-73.9825,0,0
40.7623,-73.9824,0,0
40.7623,-73.9824,0,0
40.7611,-73.9795,0,0
40.7598,-73.9763,1,1
40.7604,-73.9738,1,0
40.7623,-73.9724,2,1
40.761,-73.9714,3,1
40.7591,-73.9727,3,0
40.7572,-73.9741,3,0
40.7556,-73.9761,3,0
40.756,-73.977,3,0
40.756,-73.979,4,1
40.7546,-73.9757,3,2
40.7534,-73.9746,3,0
40.7521,-73.9735,2,2
40.7539,-73.9721,1,2
40.7558,-73.9707,2,1
40.7577,-73.9694,2,0
40.759,-73.9725,1,2
40.7579,-73.9736,1,0
40.756,-73.975,1,0
40.7543,-73.977,1,0
40.7535,-73.9788,1,0
40.7542,-73.9804,1,0
40.7555,-73.9836,1,0
40.7555,-73.9836,1,0
40.756,-73.9869,1,0
40.7572,-73.9898,1,0
40.7584,-73.9926,0,2
40.7584,-73.9926,0,0
40.7572,-73.9898,0,0
40.7558,-73.9864,0,0
40.7548,-73.9841,0,0
40.756,-73.9869,0,0
40.7541,-73.9883,0,0
40.7553,-73.9912,1,1
40.7572,-73.9898,1,0
40.7579,-73.9893,1,0
40.7584,-73.9926,1,0
40.7572,-73.9898,1,0
40.7585,-73.9888,3,1
40.7604,-73.9875,3,0
40.7601,-73.9848,2,2
40.7586,-73.9851,2,0
40.7586,-73.9851,2,0
40.7574,-73.9823,2,0
40.756,-73.979,2,0
40.7547,-73.9759,1,2
40.7547,-73.9759,1,0
40.7547,-73.9759,1,0
40.749,-73.98,2,1
40.7478,-73.9809,2,0
40.7491,-73.982,2,0
40.7471,-73.9814,2,0
40.7478,-73.983,2,0
40.7472,-73.9855,1,2
40.7453,-73.9868,1,0
40.7435,-73.9882,1,0
40.7424,-73.989,1,0
40.7399,-73.9896,1,0
40.7378,-73.9901,1,0
40.736,-73.9895,1,0
40.7348,-73.9907,1,0
40.7328,-73.99,1,0
40.732,-73.9882,1,0
40.7313,-73.9886,3,1
40.7298,-73.9868,3,0
40.7286,-73.9877,2,2
40.7276,-73.9853,2,0
40.7273,-73.9827,2,0
40.7291,-73.9813,2,0
40.7281,-73.979,1,2
40.7263,-73.9803,1,0
40.7247,-73.9784,0,2
40.7253,-73.978,0,0
40.7275,-73.9795,0,0
40.7284,-73.9818,0,0
40.7273,-73.9827,2,1
40.7282,-73.9849,2,0
40.7298,-73.9886,2,0
40.7306,-73.9906,2,0
40.7312,-73.9919,2,0
40.7329,-73.9959,2,0
40.7329,-73.9959,2,0
40.7337,-73.9995,2,0
40.7322,-73.9986,1,2
40.7307,-73.9988,1,0
40.7293,-73.9979,1,0
40.7277,-73.9982,1,0
40.7265,-73.9958,1,0
40.7242,-73.9978,0,2
40.725,-73.9993,1,1
40.7242,-74.0011,1,0
40.7233,-74.003,1,0
40.7241,-74.0044,1,0
40.7249,-74.0026,1,0
40.7236,-74.0048,1,0
40.7226,-74.0063,1,0
40.7214,-74.0046,2,1
40.7226,-74.0063,2,0
40.7198,-74.0068,1,2
40.72,-74.0086,1,0
40.7203,-74.0123,1,0
40.7203,-74.0123,1,0
40.7177,-74.0141,1,0
40.7158,-74.0154,2,1
40.7151,-74.0159,2,0
40.7137,-74.0137,2,0
40.7152,-74.0132,2,0
40.7171,-74.0128,2,0
40.719,-74.0123,2,0
40.7216,-74.0118,2,0
40.7243,-74.0112,2,0
40.7262,-74.0109,2,0
40.7267,-74.009,2,0
40.7289,-74.0086,2,0
40.7311,-74.008,2,0
40.7329,-74.0075,2,0
40.735,-74.007,2,0
40.7369,-74.0055,2,0
40.7365,-74.0058,1,2
40.7381,-74.0041,1,0
40.7397,-74.0025,1,0
40.7417,-74.0011,1,0
40.7434,-73.9999,1,0
40.7453,-73.9985,1,0
40.7453,-73.9985,1,0
40.7428,-73.9966,0,2
40.7416,-73.9974,0,0
40.7434,-73.9999,0,0
40.744,-73.9994,0,0
40.7441,-74.0032,0,0
40.7421,-74.0046,1,1
40.741,-74.0054,1,0
40.7415,-74.0087,3,1
40.7403,-74.008,3,0
40.7381,-74.0082,3,0
40.7376,-74.0057,3,0
40.7353,-74.0049,3,0
40.7334,-74.0042,3,0
40.7315,-74.0031,3,0
40.7298,-74.0022,3,0
40.7284,-73.9997,3,0
40.7277,-73.9982,3,0
40.7259,-73.9947,3,0
40.7253,-73.9923,3,0
40.7241,-73.9926,2,2
40.7236,-73.9911,1,2
40.7228,-73.9886,1,0
40.7219,-73.9855,1,0
40.7212,-73.983,1,0
40.7206,-73.9813,1,0
40.7199,-73.9788,1,0
40.7188,-73.9751,1,0
40.7176,-73.9754,1,0
40.7154,-73.9763,2,1
40.7132,-73.9776,2,0
40.714,-73.98,2,0
40.716,-73.9789,2,0
40.7175,-73.98,2,0
40.7175,-73.98,2,0
40.7213,-73.9778,2,0
40.7225,-73.9769,2,0
40.7216,-73.9748,1,2
40.7237,-73.976,1,0
40.7249,-73.9752,1,0
40.7268,-73.9738,1,0
40.7285,-73.9757,1,0
40.7298,-73.9747,1,0
40.7323,-73.9743,1,0
40.7342,-73.9748,1,0
40.7354,-73.9751,1,0
40.7369,-73.9785,1,0
40.7382,-73.9776,1,0
40.7392,-73.98,1,0
40.7407,-73.9818,1,0
40.742,-73.9829,2,1
40.7427,-73.9846,2,0
40.7446,-73.9852,4,1
40.7446,-73.9852,4,0
40.7465,-73.9839,4,0
40.7484,-73.9825,4,0
40.7446,-73.9852,4,0
40.7465,-73.9839,4,0
40.7484,-73.9825,4,0
40.7484,-73.9846,3,2
40.7484,-73.9825,3,0
40.7503,-73.9811,3,0
40.7521,-73.9798,4,1
40.7524,-73.9784,4,0
40.7515,-73.976,4,0
40.7515,-73.976,3,2
40.7446,-73.9852,4,1
40.7465,-73.9839,4,0
40.7484,-73.9825,4,0
40.7484,-73.9846,3,2
40.7484,-73.9825,3,0
40.7503,-73.9811,3,0
40.7446,-73.9852,4,1
40.7465,-73.9839,4,0
40.7484,-73.9825,4,0
40.7484,-73.9846,3,2
40.7484,-73.9825,3,0
40.7503,-73.9811,3,0
40.7446,-73.9852,4,1
40.7465,-73.9839,4,0
40.7484,-73.9825,4,0
40.7484,-73.9846,3,2
40.7484,-73.9825,3,0
40.7503,-73.9811,3,0
40.7521,-73.9798,4,1
40.7524,-73.9784,4,0
40.7515,-73.976,4,0
40.7515,-73.976,3,2
40.7524,-73.9784,3,0
40.7543,-73.977,2,2
40.756,-73.977,2,0
40.7579,-73.9756,2,0
40.7597,-73.9742,2,0
40.7616,-73.9729,2,0
40.7636,-73.9714,2,0
40.7655,-73.97,2,0
40.7673,-73.9687,2,0
40.7692,-73.9673,2,0
40.7705,-73.9684,2,0
40.7692,-73.9673,1,2
40.7685,-73.9656,1,0
40.7704,-73.9642,1,0
40.7724,-73.9627,1,0
40.7743,-73.9613,1,0
40.7763,-73.9599,1,0
40.7782,-73.9585,1,0
40.7801,-73.9571,1,0
40.7821,-73.9557,1,0
40.7839,-73.9543,1,0
40.7839,-73.9543,1,0
40.7852,-73.9534,1,0
40.7839,-73.9503,1,0
40.7859,-73.9488,1,0
40.7878,-73.9475,1,0
40.7896,-73.9461,1,0
40.7916,-73.9447,1,0
40.7935,-73.9433,1,0
40.7954,-73.9419,1,0
40.7973,-73.9405,1,0
40.7993,-73.9391,1,0
40.7983,-73.9368,1,0
40.7973,-73.9345,1,0
40.7964,-73.9322,1,0
40.7958,-73.931,0,2
40.7957,-73.9327,2,1
40.7944,-73.9336,2,0
40.7953,-73.9359,2,0
40.7963,-73.9383,2,0
40.7938,-73.9401,2,0
40.7948,-73.9423,2,0
40.7948,-73.9444,2,0
40.7929,-73.9458,2,0
40.7909,-73.9472,2,0
40.7891,-73.9486,2,0
40.7872,-73.95,2,0
40.7852,-73.9514,2,0
40.7833,-73.9528,2,0
40.7814,-73.9542,2,0
40.7795,-73.9556,2,0
40.7775,-73.957,2,0
40.7756,-73.9584,2,0
40.7736,-73.9599,2,0
40.7717,-73.9613,2,0
40.7717,-73.9632,2,0
40.7705,-73.9644,2,0
40.7686,-73.9658,2,0
40.7667,-73.9672,2,0
40.7647,-73.9683,2,0
40.7635,-73.9673,2,0
40.7616,-73.9686,4,1
40.7596,-73.9701,4,0
40.7577,-73.9715,4,0
40.7559,-73.9728,4,0
40.754,-73.9742,4,0
40.7521,-73.9756,4,0
40.7502,-73.977,4,0
40.7483,-73.9783,4,0
40.7464,-73.9797,4,0
40.7451,-73.9807,4,0
40.7452,-73.9828,4,0
40.7433,-73.9841,4,0
40.7415,-73.9855,4,0
40.7434,-73.9861,3,2
40.7435,-73.9882,3,0
40.7424,-73.989,3,0
40.7399,-73.9896,2,2
40.7378,-73.9901,2,0
40.7366,-73.9891,2,0
40.7348,-73.9907,2,0
40.7324,-73.9913,2,0
40.7306,-73.9924,2,0
40.729,-73.9937,2,0
40.7282,-73.9956,2,0
40.7269,-73.9967,2,0
40.7246,-73.9986,2,0
40.7234,-73.9996,2,0
40.7213,-74.0014,1,2
40.7192,-74.0021,1,0
40.7174,-74.0035,1,0
40.7158,-74.005,1,0
40.7136,-74.0068,1,0
40.712,-74.0081,1,0
40.7103,-74.0095,1,0
40.7083,-74.0112,1,0
40.7075,-74.0119,1,0
40.7046,-74.0142,1,0
40.7048,-74.0169,0,2
40.7051,-74.0165,0,0
40.7077,-74.0155,0,0
40.7098,-74.0147,1,1
40.711,-74.0144,1,0
40.7137,-74.0137,2,1
40.7152,-74.0132,2,0
40.7171,-74.0128,2,0
40.719,-74.0123,2,0
40.719,-74.0087,2,0
40.7206,-74.0085,2,0
40.7211,-74.0058,2,0
40.7214,-74.0046,2,0
40.7216,-74.0022,2,0
40.7229,-74.0022,2,0
40.7242,-74.0046,2,0
40.7262,-74.0037,2,0
40.7285,-74.0028,2,0
40.7306,-74.0017,2,0
40.7323,-74.0005,2,0
40.7341,-73.9992,2,0
40.736,-73.9978,2,0
40.738,-73.9963,2,0
40.7399,-73.995,2,0
40.7416,-73.9937,2,0
40.7436,-73.9923,1,2
40.7448,-73.9914,1,0
40.7435,-73.9882,2,1
40.7416,-73.9896,3,1
40.7415,-73.9875,3,0
40.7428,-73.9866,2,2
40.7408,-73.9858,3,1
40.7427,-73.9845,3,0
40.744,-73.9837,4,1
40.7459,-73.9843,4,0
40.7478,-73.983,4,0
40.7497,-73.9816,4,0
40.7515,-73.9802,4,0
40.7535,-73.9788,4,0
40.7554,-73.9774,4,0
40.7572,-73.976,4,0
40.7591,-73.9747,4,0
40.761,-73.9733,4,0
40.7623,-73.9724,3,2
40.7642,-73.971,3,0
40.7661,-73.9696,3,0
40.768,-73.9682,3,0
40.7698,-73.9669,3,0
40.7718,-73.9654,2,2
40.7717,-73.9632,2,0
40.7736,-73.9618,2,0
40.7756,-73.9604,2,0
40.7756,-73.9584,1,2
40.7756,-73.9563,1,0
40.7775,-73.9549,1,0
40.7795,-73.9535,1,0
40.7814,-73.9521,1,0
40.7833,-73.9508,1,0
40.7852,-73.9493,1,0
40.7871,-73.9479,1,0
40.789,-73.9465,1,0
40.7909,-73.9452,1,0
40.7922,-73.9442,1,0
40.7941,-73.9428,1,0
40.7954,-73.9419,1,0
40.7979,-73.94,1,0
40.7993,-73.9391,1,0
40.7983,-73.9368,1,0
40.7973,-73.9345,1,0
40.7958,-73.931,2,1
40.7951,-73.9332,2,0
40.796,-73.9354,2,0
40.797,-73.9378,2,0
40.7979,-73.94,2,0
40.7992,-73.9431,2,0
40.8,-73.9448,2,0
40.8007,-73.9465,2,0
40.8021,-73.9498,2,0
40.8001,-73.9512,2,0
40.8013,-73.954,2,0
40.8001,-73.955,2,0
40.8008,-73.958,2,0
40.7994,-73.9591,2,0
40.7974,-73.9605,2,0
40.7955,-73.9619,1,2
40.7942,-73.9629,1,0
40.7917,-73.9647,1,0
40.7897,-73.9661,1,0
40.7879,-73.9675,1,0
40.786,-73.9689,1,0
40.7846,-73.9699,1,0
40.7827,-73.9713,1,0
40.782,-73.9717,1,0
40.7788,-73.9741,3,1
40.7769,-73.9755,3,0
40.7749,-73.9769,3,0
40.773,-73.9783,3,0
40.7712,-73.9797,3,0
40.7699,-73.9806,3,0
40.7698,-73.9823,4,1
40.7677,-73.9819,4,0
40.7662,-73.9795,4,0
40.7662,-73.9795,4,0
40.7657,-73.9762,4,0
40.7662,-73.9795,4,0
40.7648,-73.9805,3,2
40.763,-73.9819,3,0
40.7611,-73.9833,2,2
40.7592,-73.9846,1,2
40.7573,-73.986,1,0
40.7554,-73.9874,1,0
40.7535,-73.9888,2,1
40.7517,-73.9901,2,0
40.7497,-73.9916,2,0
40.7485,-73.9887,2,0
40.7468,-73.9885,2,0
40.7453,-73.9887,2,0
40.7435,-73.9882,2,0
40.7416,-73.9896,3,1
40.7397,-73.9909,3,0
40.7373,-73.9927,3,0
40.7353,-73.9941,2,2
40.7334,-73.9955,2,0
40.7323,-73.9964,2,0
40.7322,-73.9986,2,0
40.7337,-73.9995,1,2
40.7329,-73.998,1,0
40.7314,-73.997,1,0
40.731,-73.9996,1,0
40.73,-74.0005,1,0
40.728,-74.0022,1,0
40.7269,-74,2,1
40.7258,-73.9977,1,2
40.7252,-73.9953,2,1
40.7273,-73.9936,2,0
40.7279,-73.9931,2,0
40.731,-73.9904,3,1
40.7328,-73.99,3,0
40.7344,-73.9899,3,0
40.7365,-73.9889,3,0
40.7389,-73.9872,3,0
40.7408,-73.9858,3,0
40.7427,-73.9845,3,0
40.7445,-73.9831,3,0
40.7464,-73.9818,3,0
40.7464,-73.9818,3,0
40.7464,-73.9818,3,0
40.7508,-73.9786,3,0
40.7508,-73.9786,3,0
40.7546,-73.9757,3,0
40.755,-73.9765,2,2
40.7531,-73.9779,2,0
40.7542,-73.9804,2,0
40.7542,-73.9804,2,0
40.7555,-73.9836,2,0
40.7567,-73.9865,1,2
40.7585,-73.9888,1,0
40.7604,-73.9875,2,1
40.7623,-73.9861,2,0
40.7642,-73.9847,2,0
40.7654,-73.9876,2,0
40.7654,-73.9876,2,0
40.7665,-73.9904,2,0
40.769,-73.9923,1,2
40.771,-73.9909,1,0
40.7729,-73.9895,1,0
40.7747,-73.9882,1,0
40.776,-73.9873,1,0
40.7785,-73.9854,1,0
40.7798,-73.9845,1,0
40.7811,-73.9835,1,0
40.7817,-73.981,2,1
40.7838,-73.9799,2,0
40.7857,-73.9785,2,0
40.7876,-73.977,2,0
40.7889,-73.9759,2,0
40.7908,-73.9745,2,0
40.7915,-73.9722,1,2
40.7921,-73.9718,0,2
40.7921,-73.9738,0,0
40.7908,-73.9745,0,0
40.7903,-73.9751,0,0
40.7883,-73.9764,0,0
40.7877,-73.975,0,0
40.7865,-73.9722,0,0
40.7877,-73.975,0,0
40.789,-73.9761,0,0
40.7871,-73.9777,0,0
40.7852,-73.9791,0,0
40.7857,-73.9785,1,1
40.7858,-73.9786,1,0
40.7839,-73.9801,1,0
40.7818,-73.9812,1,0
40.7796,-73.9818,1,0
40.7771,-73.9822,1,0
40.7755,-73.9823,1,0
40.7731,-73.9823,0,2
40.7714,-73.9823,0,0
40.7705,-73.982,0,0
40.7706,-73.9823,2,1
40.7683,-73.9822,2,0
40.7671,-73.9817,2,0
40.7655,-73.98,2,0
40.7648,-73.9805,2,0
40.7636,-73.9777,2,0
40.7623,-73.9745,2,0
40.761,-73.9754,3,1
40.7597,-73.9723,3,0
40.759,-73.9725,3,0
40.7609,-73.9711,3,0
40.7623,-73.9701,4,1
40.7603,-73.9696,4,0
40.7584,-73.971,4,0
40.7565,-73.9724,4,0
40.7552,-73.9733,4,0
40.7558,-73.9707,3,2
40.7549,-73.9685,3,0
40.753,-73.9699,1,2
40.7511,-73.9713,1,0
40.7498,-73.9722,1,0
40.7508,-73.9744,0,2
40.7515,-73.976,2,1
40.7495,-73.9774,2,0
40.7496,-73.9796,2,0
40.7478,-73.9809,2,0
40.7458,-73.9823,2,0
40.744,-73.9837,2,0
40.7421,-73.985,3,1
40.7402,-73.9864,3,0
40.7383,-73.9878,3,0
40.7385,-73.99,2,2
40.7391,-73.9914,2,0
40.7404,-73.9946,2,0
40.7416,-73.9974,2,0
40.7416,-73.9974,2,0
40.744,-73.9994,1,2
40.746,-73.998,1,0
40.7478,-73.9966,1,0
40.7484,-73.9962,1,0
40.7472,-73.9934,1,0
40.7467,-73.9901,0,2
40.7468,-73.9885,0,0
40.7453,-73.9887,0,0
40.744,-73.9857,0,0
40.7453,-73.9868,0,0
40.7445,-73.9889,0,0
40.7435,-73.9882,1,1
40.7421,-73.9849,1,0
40.7408,-73.9838,2,1
40.7395,-73.9848,2,0
40.7389,-73.9874,3,1
40.7395,-73.9868,2,2
40.7408,-73.9858,3,1
40.7427,-73.9845,3,0
40.7445,-73.9831,3,0
40.7459,-73.9843,3,0
40.7478,-73.983,3,0
40.7491,-73.982,2,2
40.7496,-73.9794,2,0
40.7514,-73.978,1,2
40.7508,-73.9765,1,0
40.7514,-73.9739,1,0
40.7533,-73.9726,1,0
40.7546,-73.9737,1,0
40.7559,-73.9748,2,1
40.7578,-73.9734,2,0
40.7596,-73.9721,2,0
40.7616,-73.9707,2,0
40.7635,-73.9692,2,0
40.7654,-73.9679,2,0
40.7672,-73.9665,2,0
40.7691,-73.9651,2,0
40.771,-73.9637,2,0
40.773,-73.9623,2,0
40.7749,-73.9609,2,0
40.7769,-73.9594,2,0
40.7788,-73.958,2,0
40.7782,-73.9565,1,2
40.7788,-73.954,1,0
40.7808,-73.9526,1,0
40.7826,-73.9512,1,0
40.7845,-73.9498,0,2
40.7846,-73.9519,2,1
40.7827,-73.9533,2,0
40.7808,-73.9546,3,1
40.7795,-73.9556,2,2
40.7795,-73.9535,2,0
40.7792,-73.9508,3,1
40.7779,-73.9517,3,0
40.7759,-73.9532,3,0
40.774,-73.9546,3,0
40.772,-73.956,3,0
40.7714,-73.9565,3,0
40.7695,-73.9519,3,0
40.7675,-73.9532,3,0
40.7685,-73.9555,2,2
40.7695,-73.9579,2,0
40.7675,-73.9593,2,0
40.7669,-73.9598,2,0
40.7685,-73.9615,1,2
40.7675,-73.9593,1,0
40.7665,-73.9569,1,0
40.7662,-73.9542,2,1
40.7678,-73.956,2,0
40.7688,-73.9584,3,1
40.7678,-73.956,3,0
40.7698,-73.9546,3,0
40.7717,-73.9532,3,0
40.773,-73.9522,3,0
40.7749,-73.9508,2,2
40.7762,-73.9499,2,0
40.7766,-73.9527,2,0
40.7762,-73.9499,2,0
40.7769,-73.9494,2,0
40.7779,-73.9517,2,0
40.7795,-73.9535,2,0
40.7809,-73.9568,2,0
40.7815,-73.9583,2,0
40.7815,-73.9604,2,0
40.7822,-73.9579,2,0
40.784,-73.9565,2,0
40.784,-73.9545,1,2
40.7822,-73.9559,1,0
40.7802,-73.9573,1,0
40.7788,-73.958,1,0
40.7775,-73.9549,1,0
40.7766,-73.9527,0,2
40.7753,-73.9536,0,0
40.7756,-73.9563,0,0
40.7769,-73.9554,0,0
40.7763,-73.9579,0,0
40.775,-73.9589,0,0
40.775,-73.9589,0,0
40.7757,-73.9606,0,0
40.7737,-73.962,2,1
40.7724,-73.9627,2,0
40.7704,-73.9622,2,0
40.7705,-73.9644,2,0
40.7686,-73.9658,2,0
40.7686,-73.9678,2,0
40.7698,-73.9669,2,0
40.7693,-73.9694,2,0
40.7688,-73.9723,2,0
40.7688,-73.9723,2,0
40.7688,-73.9723,2,0
40.7724,-73.9787,2,0
40.773,-73.9783,0,2
40.7749,-73.9769,0,0
40.7769,-73.9755,2,1
40.7788,-73.9741,2,0
40.7795,-73.9736,2,0
40.782,-73.9717,2,0
40.784,-73.9703,2,0
40.786,-73.9689,1,2
40.7879,-73.9675,1,0
40.7897,-73.9661,1,0
40.7917,-73.9647,1,0
40.7917,-73.9628,1,0
40.7917,-73.9647,1,0
40.7924,-73.9642,1,0
40.7917,-73.9647,2,1
40.7917,-73.9628,2,0
40.7917,-73.9628,2,0
40.7917,-73.9628,2,0
40.7879,-73.9558,2,0
40.7872,-73.9542,2,0
40.7878,-73.9515,1,2
40.7897,-73.9501,1,0
40.791,-73.9514,1,0
40.7917,-73.953,0,2
40.7911,-73.9534,0,0
40.7886,-73.9553,1,1
40.7893,-73.9569,1,0
40.7872,-73.9542,2,1
40.7886,-73.9553,2,0
40.7893,-73.9569,2,0
40.7893,-73.9569,2,0
40.7917,-73.9628,2,0
40.7924,-73.9642,2,0
40.7935,-73.9671,2,0
40.7947,-73.9699,2,0
40.796,-73.969,2,0
40.7954,-73.9714,1,2
40.7934,-73.9728,2,1
40.7915,-73.9742,2,0
40.7896,-73.9756,2,0
40.7877,-73.9772,2,0
40.7858,-73.9786,2,0
40.7846,-73.9796,2,0
40.7839,-73.9801,3,1
40.7818,-73.9812,3,0
40.7796,-73.9818,3,0
40.7779,-73.9821,3,0
40.7779,-73.9821,3,0
40.7755,-73.9823,3,0
40.7731,-73.9823,3,0
40.7711,-73.9834,4,1
40.7698,-73.9823,4,0
40.7683,-73.9822,4,0
40.7663,-73.9818,3,2
40.7648,-73.9805,4,1
40.7636,-73.9777,4,0
40.7643,-73.9772,4,0
40.763,-73.974,4,0
40.763,-73.9719,3,2
40.7616,-73.9686,4,1
40.7616,-73.9666,4,0
40.7634,-73.9652,3,2
40.7653,-73.9638,3,0
40.7672,-73.9625,3,0
40.7685,-73.9636,3,0
40.7692,-73.9653,2,2
40.7698,-73.9647,2,0
40.7691,-73.9632,2,0
40.7697,-73.9606,1,2
40.7717,-73.9592,1,0
40.7723,-73.9587,1,0
40.7704,-73.9541,1,0
40.7717,-73.9532,2,1
40.7736,-73.9517,2,0
40.7756,-73.9503,2,0
40.7775,-73.9489,1,2
40.7788,-73.948,0,2
40.7792,-73.9508,0,0
40.7772,-73.9522,0,0
40.7753,-73.9536,0,0
40.7746,-73.9541,0,0
40.7763,-73.9579,0,0
40.7764,-73.9601,0,0
40.7744,-73.9616,1,1
40.775,-73.9631,2,1
40.7751,-73.9652,2,0
40.7737,-73.962,2,0
40.7718,-73.9634,2,0
40.7699,-73.9649,2,0
40.768,-73.9663,2,0
40.7661,-73.9676,2,0
40.7661,-73.9696,2,0
40.7661,-73.9716,2,0
40.7646,-73.9736,3,1
40.763,-73.974,2,2
40.763,-73.974,2,0
40.7643,-73.9772,2,0
40.7655,-73.98,2,0
40.7674,-73.9824,2,0
40.7663,-73.9818,1,2
40.7647,-73.9822,1,0
40.7654,-73.9838,3,1
40.7666,-73.9867,3,0
40.7678,-73.9895,3,0
40.769,-73.9923,2,2
40.7671,-73.9937,2,0
40.7653,-73.9951,2,0
40.7634,-73.9965,2,0
40.7615,-73.9978,2,0
40.7595,-73.9992,2,0
40.7577,-74.0006,2,0
40.7558,-74.002,2,0
40.7539,-74.0034,2,0
40.752,-74.0047,2,0
40.75,-74.0062,2,0
40.7489,-74.0069,2,0
40.7477,-74.0042,2,0
40.7465,-74.0014,1,2
40.7446,-74.0027,1,0
40.7429,-74.004,1,0
40.7409,-74.0051,1,0
40.7388,-74.0055,1,0
40.7366,-74.0053,1,0
40.7347,-74.0047,1,0
40.7323,-74.0036,1,0
40.7303,-74.0025,1,0
40.7292,-74.0012,1,0
40.7276,-74.0014,1,0
40.7261,-74.0016,1,0
40.7249,-74.0026,1,0
40.7237,-74.0036,0,2
40.7238,-74.0061,0,0
40.7229,-74.0068,1,1
40.7238,-74.0061,1,0
40.7227,-74.0044,1,0
40.7237,-74.0036,1,0
40.7242,-74.0046,1,0
40.7246,-74.0019,2,1
40.7234,-73.9996,2,0
40.7223,-73.9971,2,0
40.7216,-73.9955,2,0
40.722,-73.9963,1,2
40.7241,-73.9954,1,0
40.7244,-73.9935,1,0
40.7236,-73.9911,1,0
40.7226,-73.9879,1,0
40.7219,-73.9855,1,0
40.7212,-73.983,1,0
40.7206,-73.9813,1,0
40.7199,-73.9788,1,0
40.7188,-73.9751,1,0
40.7176,-73.9754,1,0
40.7154,-73.9763,2,1
40.7132,-73.9776,2,0
40.714,-73.98,2,0
40.716,-73.9789,2,0
40.7175,-73.98,2,0
40.7175,-73.98,2,0
40.7204,-73.98,2,0
40.7223,-73.9802,2,0
40.7241,-73.9788,2,0
40.7259,-73.9775,2,0
40.7278,-73.9762,2,0
40.7298,-73.9747,2,0
40.7312,-73.974,2,0
40.7327,-73.9745,2,0
40.7359,-73.9748,2,0
40.7372,-73.9742,2,0
40.7372,-73.9742,2,0
40.74,-73.9727,2,0
40.7439,-73.9716,2,0
40.7451,-73.9726,2,0
40.7469,-73.9712,2,0
40.7489,-73.97,2,0
40.7498,-73.9722,2,0
40.7508,-73.9744,2,0
40.7508,-73.9744,3,1
40.7515,-73.976,3,0
40.7531,-73.9779,3,0
40.7541,-73.9783,3,0
40.7554,-73.9795,3,0
40.7554,-73.9795,3,0
40.7568,-73.9827,3,0
40.7567,-73.9865,3,0
40.7558,-73.9864,3,0
40.7555,-73.9836,4,1
40.7567,-73.9865,4,0
40.7567,-73.9865,4,0
40.7592,-73.9884,3,2
40.761,-73.987,3,0
40.7629,-73.9856,3,0
40.7648,-73.9843,3,0
40.7667,-73.9829,3,0
40.7684,-73.9818,3,0
40.7705,-73.982,3,0
40.7705,-73.982,2,2
40.7722,-73.9821,2,0
40.7746,-73.9821,2,0
40.7763,-73.982,2,0
40.7786,-73.9816,2,0
40.7806,-73.9802,2,0
40.7825,-73.9788,2,0
40.7845,-73.9774,3,1
40.7864,-73.976,2,2
40.7883,-73.9745,2,0
40.789,-73.9761,2,0
40.7896,-73.9756,1,2
40.7908,-73.9745,1,0
40.7927,-73.9731,1,0
40.7946,-73.9717,0,2
40.7934,-73.9728,0,0
40.7921,-73.9736,1,1
40.7915,-73.9722,1,0
40.7891,-73.9703,1,0
40.7872,-73.9717,1,0
40.7865,-73.9722,1,0
40.7877,-73.975,1,0
40.7871,-73.9777,1,0
40.7876,-73.9788,2,1
40.7857,-73.9802,2,0
40.7844,-73.9812,3,1
40.7825,-73.9809,3,0
40.7803,-73.9816,3,0
40.7779,-73.9821,3,0
40.7764,-73.9822,3,0
40.7739,-73.9823,3,0
40.7727,-73.9823,3,0
40.7698,-73.9823,3,0
40.7677,-73.9819,4,1
40.7671,-73.9817,4,0
40.7662,-73.9795,4,0
40.765,-73.9767,4,0
40.7637,-73.9735,3,2
40.7642,-73.971,3,0
40.7661,-73.9696,3,0
40.7673,-73.9687,2,2
40.766,-73.9654,2,0
40.7658,-73.9634,2,0
40.7649,-73.9612,1,2
40.7631,-73.9625,1,0
40.761,-73.9641,1,0
40.7593,-73.9653,1,0
40.7574,-73.9667,1,0
40.7555,-73.9681,1,0
40.7536,-73.9694,1,0
40.7517,-73.9708,1,0
40.7498,-73.9722,1,0
40.7485,-73.9731,0,2
40.7485,-73.975,0,0
40.7501,-73.9749,0,0
40.7521,-73.9735,1,1
40.7539,-73.9721,1,0
40.7558,-73.9707,1,0
40.7577,-73.9694,2,1
40.7596,-73.968,2,0
40.761,-73.967,2,0
40.7628,-73.9657,2,0
40.7641,-73.9688,1,2
40.766,-73.9674,1,0
40.766,-73.9654,2,1
40.7647,-73.9643,2,0
40.7657,-73.9631,2,0
40.7658,-73.963,3,1
40.7672,-73.9625,3,0
40.7691,-73.9611,3,0
40.7711,-73.9596,3,0
40.7724,-73.9608,2,2
40.7711,-73.9617,2,0
40.773,-73.9623,3,1
40.7737,-73.962,2,2
40.773,-73.9603,3,1
40.7736,-73.9578,3,0
40.775,-73.9568,3,0
40.7769,-73.9554,3,0
40.7781,-73.9545,4,1
40.7795,-73.9578,4,0
40.7809,-73.9588,3,2
40.7822,-73.9579,3,0
40.7827,-73.9552,3,0
40.7821,-73.9537,3,0
40.7826,-73.9512,2,2
40.7845,-73.9498,2,0
40.7865,-73.9484,2,0
40.7884,-73.947,2,0
40.7903,-73.9456,2,0
40.7922,-73.9442,2,0
40.7941,-73.9428,2,0
40.7954,-73.9419,2,0
40.7979,-73.94,1,2
40.7993,-73.9411,1,0
40.8,-73.9429,1,0
40.8013,-73.946,1,0
40.8013,-73.946,1,0
40.8027,-73.9493,1,0
40.8042,-73.9527,1,0
40.8067,-73.9529,1,0
40.8084,-73.9529,1,0
40.8108,-73.9526,1,0
40.8126,-73.9509,1,0
40.8132,-73.9503,1,0
40.8164,-73.9484,1,0
40.8185,-73.9473,1,0
40.8206,-73.9464,1,0
40.8213,-73.9461,1,0
40.824,-73.9448,1,0
40.826,-73.9434,1,0
40.828,-73.9425,1,0
40.8302,-73.9417,1,0
40.8324,-73.9409,1,0
40.8345,-73.94,1,0
40.8366,-73.9393,1,0
40.8377,-73.94,1,0
40.8403,-73.9397,1,0
40.8424,-73.9393,1,0
40.8447,-73.9389,1,0
40.846,-73.9402,1,0
40.8478,-73.9395,1,0
40.85,-73.9387,1,0
40.8521,-73.9378,1,0
40.8534,-73.9374,1,0
40.8551,-73.9369,0,2
40.8534,-73.9374,0,0
40.8521,-73.9378,0,0
40.8493,-73.9389,0,0
40.8472,-73.9398,0,0
40.8454,-73.9405,0,0
40.8434,-73.9416,0,0
40.8422,-73.9423,0,0
40.8392,-73.9435,0,0
40.8371,-73.9443,0,0
40.8354,-73.9441,0,0
40.8335,-73.9455,0,0
40.8315,-73.9469,0,0
40.8297,-73.9483,0,0
40.8278,-73.9496,0,0
40.8258,-73.9511,0,0
40.8239,-73.9524,0,0
40.8221,-73.9538,0,0
40.8202,-73.9552,0,0
40.8189,-73.9562,0,0
40.817,-73.9575,0,0
40.8152,-73.9588,0,0
40.8138,-73.9598,0,0
40.8113,-73.9617,0,0
40.8094,-73.9631,0,0
40.8074,-73.9645,0,0
40.8055,-73.9659,0,0
40.8036,-73.9672,0,0
40.8014,-73.968,0,0
40.7998,-73.9683,0,0
40.7979,-73.9696,0,0
40.7973,-73.97,1,1
40.7954,-73.9714,2,1
40.7934,-73.9728,2,0
40.7915,-73.9742,2,0
40.7896,-73.9756,2,0
40.7884,-73.9766,2,0
40.7883,-73.9764,1,2
40.7902,-73.975,1,0
40.7908,-73.9745,2,1
40.7927,-73.9731,2,0
40.7946,-73.9717,2,0
40.7966,-73.9703,2,0
40.7984,-73.9689,2,0
40.8005,-73.9679,2,0
40.8022,-73.9677,2,0
40.8041,-73.9666,2,0
40.806,-73.9652,2,0
40.808,-73.9638,2,0
40.8099,-73.9624,2,0
40.8118,-73.9611,2,0
40.8138,-73.9596,2,0
40.8157,-73.9583,2,0
40.8175,-73.9569,2,0
40.8194,-73.9555,2,0
40.8214,-73.9541,2,0
40.8232,-73.9527,2,0
40.8251,-73.9513,2,0
40.8264,-73.9504,2,0
40.8283,-73.949,2,0
40.8302,-73.9476,2,0
40.8314,-73.9467,2,0
40.8341,-73.9448,2,0
40.8354,-73.9441,2,0
40.8378,-73.944,2,0
40.8402,-73.9431,2,0
40.8422,-73.9423,2,0
40.844,-73.9411,2,0
40.846,-73.9402,2,0
40.8478,-73.9395,2,0
40.85,-73.9387,2,0
40.8521,-73.9378,1,2
40.8534,-73.9374,1,0
40.8556,-73.9379,1,0
40.8547,-73.9387,1,0
40.8555,-73.938,0,2
40.8551,-73.9369,0,0
40.8521,-73.9378,0,0
40.85,-73.9387,0,0
40.8487,-73.9392,0,0
40.846,-73.9402,0,0
40.8447,-73.9408,0,0
40.8424,-73.9393,0,0
40.8411,-73.9399,0,0
40.8392,-73.9413,0,0
40.8372,-73.9427,0,0
40.8354,-73.9441,1,1
40.8335,-73.9455,1,0
40.8315,-73.9469,1,0
40.8297,-73.9483,1,0
40.8278,-73.9496,1,0
40.8258,-73.9511,1,0
40.8239,-73.9524,1,0
40.8221,-73.9538,1,0
40.8202,-73.9552,1,0
40.8182,-73.9566,1,0
40.8164,-73.958,1,0
40.8152,-73.9588,1,0
40.8138,-73.9598,1,0
40.8113,-73.9617,1,0
40.8094,-73.9631,1,0
40.8074,-73.9645,1,0
40.8055,-73.9659,1,0
40.8036,-73.9672,1,0
40.8014,-73.968,1,0
40.7998,-73.9683,2,1
40.7979,-73.9696,2,0
40.796,-73.9709,2,0
40.794,-73.9724,1,2
40.794,-73.9704,0,2
40.7947,-73.9719,0,0
40.7928,-73.9733,0,0
40.7909,-73.9747,1,1
40.789,-73.9761,2,1
40.7871,-73.9777,2,0
40.7852,-73.9791,2,0
40.7838,-73.9778,3,1
40.7826,-73.975,3,0
40.7813,-73.976,3,0
40.7794,-73.9774,3,0
40.7781,-73.9783,3,0
40.7796,-73.9818,4,1
40.7779,-73.9821,4,0
40.7754,-73.9821,4,0
40.7743,-73.9812,3,2
40.7727,-73.9823,3,0
40.7698,-73.9823,2,2
40.7683,-73.9822,2,0
40.7671,-73.9817,2,0
40.7655,-73.98,4,1
40.7643,-73.9772,4,0
40.765,-73.9767,3,2
40.763,-73.974,3,0
40.7623,-73.9724,2,2
40.7617,-73.9749,2,0
40.7598,-73.9763,2,0
40.7585,-73.9772,2,0
40.7585,-73.9751,1,2
40.7579,-73.9777,1,0
40.756,-73.979,2,1
40.7542,-73.9804,2,0
40.7522,-73.9818,2,0
40.7503,-73.9832,3,1
40.7484,-73.9846,3,0
40.7472,-73.9855,3,0
40.7453,-73.9868,3,0
40.7435,-73.9882,3,0
40.7416,-73.9896,3,0
40.7397,-73.9909,3,0
40.7373,-73.9927,3,0
40.736,-73.9936,3,0
40.7348,-73.9907,2,2
40.7332,-73.9911,2,0
40.732,-73.9882,2,0
40.731,-73.9859,2,0
40.73,-73.9835,2,0
40.732,-73.9821,1,2
40.7338,-73.9807,1,0
40.7344,-73.9803,0,2
40.7354,-73.9827,0,0
40.7346,-73.9843,0,0
40.7346,-73.9862,0,0
40.7352,-73.9858,1,1
40.7352,-73.9858,1,0
40.7365,-73.9889,1,0
40.7389,-73.9872,1,0
40.7402,-73.9864,1,0
40.7389,-73.9874,1,0
40.7392,-73.9898,3,1
40.7389,-73.9872,3,0
40.7402,-73.9863,3,0
40.7388,-73.9831,2,2
40.7407,-73.9818,2,0
40.742,-73.9809,2,0
40.7404,-73.9791,1,2
40.7413,-73.9813,1,0
40.7427,-73.9845,2,1
40.744,-73.9837,3,1
40.7453,-73.9868,3,0
40.746,-73.9886,3,0
40.7479,-73.9892,2,2
40.7498,-73.9877,2,0
40.7517,-73.9864,1,2
40.7522,-73.9875,1,0
40.7517,-73.9901,1,0
40.7497,-73.9916,1,0
40.7479,-73.9929,1,0
40.746,-73.9943,1,0
40.7441,-73.9956,1,0
40.7422,-73.997,1,0
40.7399,-73.9987,1,0
40.7386,-73.9997,1,0
40.7387,-74.0024,0,2
40.7397,-74.0025,1,1
40.7386,-73.9997,2,1
40.7374,-73.9968,2,0
40.7374,-73.9968,2,0
40.7352,-73.9917,2,0
40.7344,-73.9899,2,0
40.7353,-73.9878,2,0
40.734,-73.9867,2,0
40.7333,-73.9872,2,0
40.7323,-73.9849,2,0
40.7314,-73.9826,2,0
40.7294,-73.978,2,0
40.7285,-73.9757,2,0
40.7278,-73.9762,2,0
40.7261,-73.9743,1,2
40.7237,-73.976,2,1
40.7219,-73.9773,2,0
40.7207,-73.9782,2,0
40.721,-73.9811,2,0
40.7213,-73.983,2,0
40.7223,-73.9863,2,0
40.7233,-73.9884,2,0
40.7243,-73.9908,2,0
40.7256,-73.992,2,0
40.7253,-73.9923,3,1
40.7249,-73.9923,3,0
40.7264,-73.9919,3,0
40.7278,-73.9948,3,0
40.7282,-73.9956,3,0
40.7301,-73.9994,3,0
40.7311,-74.0014,3,0
40.7329,-74.0001,3,0
40.7353,-74.0004,3,0
40.7372,-74.0015,3,0
40.7387,-74.0024,3,0
40.7411,-74.0016,3,0
40.7417,-74.0011,3,0
40.7421,-74.0046,1,2
40.74,-74.0053,1,0
40.7396,-74.0063,0,2
40.7409,-74.0051,0,0
40.7397,-74.0025,1,1
40.7397,-74.0025,1,0
40.7372,-74.0006,1,0
40.7351,-74.002,2,1
40.7334,-74.0026,4,1
40.7323,-74.0005,4,0
40.7341,-73.9992,4,0
40.736,-73.9978,4,0
40.738,-73.9963,4,0
40.7393,-73.9954,4,0
40.7405,-73.9983,4,0
40.7417,-74.0011,4,0
40.7429,-74.004,4,0
40.7423,-74.0044,3,2
40.7417,-74.0011,3,0
40.744,-73.9994,3,0
40.7453,-73.9985,3,0
40.7472,-73.9971,3,0
40.7491,-73.9958,3,0
40.7503,-73.9948,3,0
40.7529,-73.993,4,1
40.7547,-73.9916,4,0
40.7566,-73.9903,4,0
40.7578,-73.9931,4,0
40.759,-73.9939,4,0
40.7603,-73.995,3,2
40.7622,-73.9936,2,2
40.7641,-73.9922,2,0
40.7659,-73.9909,2,0
40.7678,-73.9895,2,0
40.769,-73.9923,1,2
40.7703,-73.9914,1,0
40.7722,-73.99,1,0
40.7741,-73.9886,1,0
40.776,-73.9873,1,0
40.776,-73.9873,1,0
40.7798,-73.9845,1,0
40.7818,-73.9831,1,0
40.7837,-73.9817,1,0
40.7857,-73.9802,1,0
40.7876,-73.9788,1,0
40.7896,-73.9774,1,0
40.7914,-73.976,1,0
40.7933,-73.9746,1,0
40.7953,-73.9732,1,0
40.7972,-73.9718,1,0
40.7991,-73.9704,1,0
40.801,-73.9691,1,0
40.8013,-73.9678,1,0
40.8035,-73.9671,1,0
40.8054,-73.9657,1,0
40.8073,-73.9643,1,0
40.8093,-73.9629,1,0
40.8112,-73.9615,1,0
40.8124,-73.9606,1,0
40.8151,-73.9586,1,0
40.8169,-73.9573,1,0
40.8188,-73.956,1,0
40.8208,-73.9546,1,0
40.8226,-73.9532,1,0
40.8245,-73.9518,1,0
40.8264,-73.9504,1,0
40.8277,-73.9495,1,0
40.8296,-73.9481,1,0
40.8314,-73.9467,1,0
40.8334,-73.9453,1,0
40.8353,-73.9439,1,0
40.8372,-73.9425,1,0
40.8392,-73.9411,1,0
40.8411,-73.9397,1,0
40.8432,-73.9392,1,0
40.8447,-73.9389,1,0
40.8469,-73.9382,1,0